hs1	0	1000000	42
hs1	1000000	2000000	70
hs1	2000000	3000000	37
hs1	3000000	4000000	31
hs1	4000000	5000000	9
hs1	5000000	6000000	11
hs1	6000000	7000000	30
hs1	7000000	8000000	14
hs1	8000000	9000000	19
hs1	9000000	10000000	29
hs1	10000000	11000000	13
hs1	11000000	12000000	36
hs1	12000000	13000000	31
hs1	13000000	14000000	29
hs1	14000000	15000000	9
hs1	15000000	16000000	34
hs1	16000000	17000000	48
hs1	17000000	18000000	18
hs1	18000000	19000000	17
hs1	19000000	20000000	31
hs1	20000000	21000000	29
hs1	21000000	22000000	14
hs1	22000000	23000000	22
hs1	23000000	24000000	37
hs1	24000000	25000000	25
hs1	25000000	26000000	24
hs1	26000000	27000000	45
hs1	27000000	28000000	30
hs1	28000000	29000000	28
hs1	29000000	30000000	9
hs1	30000000	31000000	17
hs1	31000000	32000000	30
hs1	32000000	33000000	38
hs1	33000000	34000000	15
hs1	34000000	35000000	15
hs1	35000000	36000000	19
hs1	36000000	37000000	23
hs1	37000000	38000000	29
hs1	38000000	39000000	21
hs1	39000000	40000000	26
hs1	40000000	41000000	27
hs1	41000000	42000000	14
hs1	42000000	43000000	26
hs1	43000000	44000000	42
hs1	44000000	45000000	34
hs1	45000000	46000000	23
hs1	46000000	47000000	33
hs1	47000000	48000000	18
hs1	48000000	49000000	7
hs1	49000000	50000000	6
hs1	50000000	51000000	15
hs1	51000000	52000000	19
hs1	52000000	53000000	21
hs1	53000000	54000000	30
hs1	54000000	55000000	28
hs1	55000000	56000000	10
hs1	56000000	57000000	18
hs1	57000000	58000000	6
hs1	58000000	59000000	13
hs1	59000000	60000000	11
hs1	60000000	61000000	11
hs1	61000000	62000000	10
hs1	62000000	63000000	13
hs1	63000000	64000000	15
hs1	64000000	65000000	14
hs1	65000000	66000000	12
hs1	66000000	67000000	11
hs1	67000000	68000000	16
hs1	68000000	69000000	11
hs1	69000000	70000000	8
hs1	70000000	71000000	13
hs1	71000000	72000000	8
hs1	72000000	73000000	6
hs1	73000000	74000000	6
hs1	74000000	75000000	9
hs1	75000000	76000000	12
hs1	76000000	77000000	8
hs1	77000000	78000000	13
hs1	78000000	79000000	9
hs1	79000000	80000000	6
hs1	80000000	81000000	1
hs1	81000000	82000000	4
hs1	82000000	83000000	5
hs1	83000000	84000000	9
hs1	84000000	85000000	18
hs1	85000000	86000000	18
hs1	86000000	87000000	18
hs1	87000000	88000000	14
hs1	88000000	89000000	10
hs1	89000000	90000000	28
hs1	90000000	91000000	14
hs1	91000000	92000000	10
hs1	92000000	93000000	17
hs1	93000000	94000000	17
hs1	94000000	95000000	18
hs1	95000000	96000000	18
hs1	96000000	97000000	4
hs1	97000000	98000000	9
hs1	98000000	99000000	9
hs1	99000000	100000000	11
hs1	100000000	101000000	19
hs1	101000000	102000000	12
hs1	102000000	103000000	6
hs1	103000000	104000000	12
hs1	104000000	105000000	2
hs1	105000000	106000000	6
hs1	106000000	107000000	11
hs1	107000000	108000000	5
hs1	108000000	109000000	17
hs1	109000000	110000000	33
hs1	110000000	111000000	31
hs1	111000000	112000000	29
hs1	112000000	113000000	25
hs1	113000000	114000000	14
hs1	114000000	115000000	14
hs1	115000000	116000000	16
hs1	116000000	117000000	23
hs1	117000000	118000000	17
hs1	118000000	119000000	4
hs1	119000000	120000000	25
hs1	120000000	121000000	25
hs1	121000000	122000000	17
hs1	122000000	123000000	0
hs1	123000000	124000000	0
hs1	124000000	125000000	0
hs1	125000000	126000000	0
hs1	126000000	127000000	0
hs1	127000000	128000000	0
hs1	128000000	129000000	0
hs1	129000000	130000000	0
hs1	130000000	131000000	0
hs1	131000000	132000000	0
hs1	132000000	133000000	0
hs1	133000000	134000000	0
hs1	134000000	135000000	0
hs1	135000000	136000000	0
hs1	136000000	137000000	0
hs1	137000000	138000000	0
hs1	138000000	139000000	0
hs1	139000000	140000000	0
hs1	140000000	141000000	0
hs1	141000000	142000000	0
hs1	142000000	143000000	0
hs1	143000000	144000000	25
hs1	144000000	145000000	33
hs1	145000000	146000000	39
hs1	146000000	147000000	26
hs1	147000000	148000000	19
hs1	148000000	149000000	40
hs1	149000000	150000000	45
hs1	150000000	151000000	43
hs1	151000000	152000000	46
hs1	152000000	153000000	44
hs1	153000000	154000000	61
hs1	154000000	155000000	35
hs1	155000000	156000000	57
hs1	156000000	157000000	48
hs1	157000000	158000000	19
hs1	158000000	159000000	30
hs1	159000000	160000000	37
hs1	160000000	161000000	38
hs1	161000000	162000000	80
hs1	162000000	163000000	15
hs1	163000000	164000000	11
hs1	164000000	165000000	4
hs1	165000000	166000000	15
hs1	166000000	167000000	12
hs1	167000000	168000000	23
hs1	168000000	169000000	19
hs1	169000000	170000000	17
hs1	170000000	171000000	14
hs1	171000000	172000000	21
hs1	172000000	173000000	12
hs1	173000000	174000000	32
hs1	174000000	175000000	9
hs1	175000000	176000000	12
hs1	176000000	177000000	5
hs1	177000000	178000000	8
hs1	178000000	179000000	20
hs1	179000000	180000000	20
hs1	180000000	181000000	19
hs1	181000000	182000000	9
hs1	182000000	183000000	17
hs1	183000000	184000000	13
hs1	184000000	185000000	15
hs1	185000000	186000000	12
hs1	186000000	187000000	11
hs1	187000000	188000000	4
hs1	188000000	189000000	1
hs1	189000000	190000000	3
hs1	190000000	191000000	5
hs1	191000000	192000000	2
hs1	192000000	193000000	17
hs1	193000000	194000000	11
hs1	194000000	195000000	4
hs1	195000000	196000000	3
hs1	196000000	197000000	13
hs1	197000000	198000000	9
hs1	198000000	199000000	9
hs1	199000000	200000000	9
hs1	200000000	201000000	16
hs1	201000000	202000000	32
hs1	202000000	203000000	29
hs1	203000000	204000000	33
hs1	204000000	205000000	25
hs1	205000000	206000000	35
hs1	206000000	207000000	32
hs1	207000000	208000000	22
hs1	208000000	209000000	14
hs1	209000000	210000000	21
hs1	210000000	211000000	9
hs1	211000000	212000000	21
hs1	212000000	213000000	28
hs1	213000000	214000000	6
hs1	214000000	215000000	9
hs1	215000000	216000000	8
hs1	216000000	217000000	6
hs1	217000000	218000000	9
hs1	218000000	219000000	12
hs1	219000000	220000000	13
hs1	220000000	221000000	25
hs1	221000000	222000000	13
hs1	222000000	223000000	16
hs1	223000000	224000000	21
hs1	224000000	225000000	25
hs1	225000000	226000000	17
hs1	226000000	227000000	27
hs1	227000000	228000000	17
hs1	228000000	229000000	50
hs1	229000000	230000000	19
hs1	230000000	231000000	27
hs1	231000000	232000000	20
hs1	232000000	233000000	20
hs1	233000000	234000000	8
hs1	234000000	235000000	29
hs1	235000000	236000000	18
hs1	236000000	237000000	16
hs1	237000000	238000000	6
hs1	238000000	239000000	4
hs1	239000000	240000000	8
hs1	240000000	241000000	8
hs1	241000000	242000000	14
hs1	242000000	243000000	5
hs1	243000000	244000000	12
hs1	244000000	245000000	20
hs1	245000000	246000000	8
hs1	246000000	247000000	14
hs1	247000000	248000000	42
hs1	248000000	248956422	44
hs10	0	1000000	16
hs10	1000000	2000000	13
hs10	2000000	3000000	10
hs10	3000000	4000000	31
hs10	4000000	5000000	20
hs10	5000000	6000000	31
hs10	6000000	7000000	22
hs10	7000000	8000000	15
hs10	8000000	9000000	14
hs10	9000000	10000000	5
hs10	10000000	11000000	7
hs10	11000000	12000000	18
hs10	12000000	13000000	16
hs10	13000000	14000000	23
hs10	14000000	15000000	17
hs10	15000000	16000000	19
hs10	16000000	17000000	9
hs10	17000000	18000000	16
hs10	18000000	19000000	10
hs10	19000000	20000000	7
hs10	20000000	21000000	5
hs10	21000000	22000000	13
hs10	22000000	23000000	19
hs10	23000000	24000000	11
hs10	24000000	25000000	10
hs10	25000000	26000000	11
hs10	26000000	27000000	16
hs10	27000000	28000000	16
hs10	28000000	29000000	15
hs10	29000000	30000000	22
hs10	30000000	31000000	17
hs10	31000000	32000000	12
hs10	32000000	33000000	10
hs10	33000000	34000000	9
hs10	34000000	35000000	4
hs10	35000000	36000000	19
hs10	36000000	37000000	3
hs10	37000000	38000000	16
hs10	38000000	39000000	10
hs10	39000000	40000000	0
hs10	40000000	41000000	0
hs10	41000000	42000000	0
hs10	42000000	43000000	18
hs10	43000000	44000000	30
hs10	44000000	45000000	14
hs10	45000000	46000000	24
hs10	46000000	47000000	29
hs10	47000000	48000000	25
hs10	48000000	49000000	10
hs10	49000000	50000000	19
hs10	50000000	51000000	12
hs10	51000000	52000000	4
hs10	52000000	53000000	12
hs10	53000000	54000000	3
hs10	54000000	55000000	3
hs10	55000000	56000000	2
hs10	56000000	57000000	3
hs10	57000000	58000000	4
hs10	58000000	59000000	12
hs10	59000000	60000000	15
hs10	60000000	61000000	9
hs10	61000000	62000000	13
hs10	62000000	63000000	12
hs10	63000000	64000000	14
hs10	64000000	65000000	8
hs10	65000000	66000000	4
hs10	66000000	67000000	7
hs10	67000000	68000000	8
hs10	68000000	69000000	22
hs10	69000000	70000000	20
hs10	70000000	71000000	18
hs10	71000000	72000000	19
hs10	72000000	73000000	16
hs10	73000000	74000000	38
hs10	74000000	75000000	10
hs10	75000000	76000000	19
hs10	76000000	77000000	6
hs10	77000000	78000000	10
hs10	78000000	79000000	13
hs10	79000000	80000000	21
hs10	80000000	81000000	17
hs10	81000000	82000000	3
hs10	82000000	83000000	3
hs10	83000000	84000000	9
hs10	84000000	85000000	14
hs10	85000000	86000000	9
hs10	86000000	87000000	18
hs10	87000000	88000000	23
hs10	88000000	89000000	17
hs10	89000000	90000000	28
hs10	90000000	91000000	9
hs10	91000000	92000000	18
hs10	92000000	93000000	12
hs10	93000000	94000000	18
hs10	94000000	95000000	11
hs10	95000000	96000000	10
hs10	96000000	97000000	19
hs10	97000000	98000000	31
hs10	98000000	99000000	12
hs10	99000000	100000000	18
hs10	100000000	101000000	23
hs10	101000000	102000000	32
hs10	102000000	103000000	34
hs10	103000000	104000000	22
hs10	104000000	105000000	19
hs10	105000000	106000000	6
hs10	106000000	107000000	8
hs10	107000000	108000000	5
hs10	108000000	109000000	4
hs10	109000000	110000000	5
hs10	110000000	111000000	23
hs10	111000000	112000000	5
hs10	112000000	113000000	16
hs10	113000000	114000000	16
hs10	114000000	115000000	17
hs10	115000000	116000000	5
hs10	116000000	117000000	16
hs10	117000000	118000000	16
hs10	118000000	119000000	10
hs10	119000000	120000000	22
hs10	120000000	121000000	10
hs10	121000000	122000000	13
hs10	122000000	123000000	22
hs10	123000000	124000000	14
hs10	124000000	125000000	13
hs10	125000000	126000000	24
hs10	126000000	127000000	13
hs10	127000000	128000000	11
hs10	128000000	129000000	9
hs10	129000000	130000000	10
hs10	130000000	131000000	10
hs10	131000000	132000000	12
hs10	132000000	133000000	22
hs10	133000000	133797422	32
hs11	0	1000000	61
hs11	1000000	2000000	50
hs11	2000000	3000000	31
hs11	3000000	4000000	30
hs11	4000000	5000000	36
hs11	5000000	6000000	55
hs11	6000000	7000000	43
hs11	7000000	8000000	23
hs11	8000000	9000000	24
hs11	9000000	10000000	23
hs11	10000000	11000000	18
hs11	11000000	12000000	15
hs11	12000000	13000000	13
hs11	13000000	14000000	16
hs11	14000000	15000000	11
hs11	15000000	16000000	10
hs11	16000000	17000000	8
hs11	17000000	18000000	21
hs11	18000000	19000000	29
hs11	19000000	20000000	13
hs11	20000000	21000000	14
hs11	21000000	22000000	4
hs11	22000000	23000000	13
hs11	23000000	24000000	4
hs11	24000000	25000000	5
hs11	25000000	26000000	3
hs11	26000000	27000000	11
hs11	27000000	28000000	18
hs11	28000000	29000000	8
hs11	29000000	30000000	4
hs11	30000000	31000000	14
hs11	31000000	32000000	9
hs11	32000000	33000000	18
hs11	33000000	34000000	18
hs11	34000000	35000000	16
hs11	35000000	36000000	14
hs11	36000000	37000000	12
hs11	37000000	38000000	2
hs11	38000000	39000000	5
hs11	39000000	40000000	3
hs11	40000000	41000000	1
hs11	41000000	42000000	4
hs11	42000000	43000000	4
hs11	43000000	44000000	17
hs11	44000000	45000000	14
hs11	45000000	46000000	25
hs11	46000000	47000000	27
hs11	47000000	48000000	34
hs11	48000000	49000000	10
hs11	49000000	50000000	10
hs11	50000000	51000000	7
hs11	51000000	52000000	0
hs11	52000000	53000000	0
hs11	53000000	54000000	0
hs11	54000000	55000000	2
hs11	55000000	56000000	25
hs11	56000000	57000000	32
hs11	57000000	58000000	30
hs11	58000000	59000000	24
hs11	59000000	60000000	42
hs11	60000000	61000000	35
hs11	61000000	62000000	45
hs11	62000000	63000000	62
hs11	63000000	64000000	24
hs11	64000000	65000000	58
hs11	65000000	66000000	72
hs11	66000000	67000000	50
hs11	67000000	68000000	45
hs11	68000000	69000000	26
hs11	69000000	70000000	26
hs11	70000000	71000000	17
hs11	71000000	72000000	23
hs11	72000000	73000000	33
hs11	73000000	74000000	19
hs11	74000000	75000000	28
hs11	75000000	76000000	25
hs11	76000000	77000000	21
hs11	77000000	78000000	20
hs11	78000000	79000000	18
hs11	79000000	80000000	4
hs11	80000000	81000000	4
hs11	81000000	82000000	2
hs11	82000000	83000000	10
hs11	83000000	84000000	17
hs11	84000000	85000000	3
hs11	85000000	86000000	8
hs11	86000000	87000000	17
hs11	87000000	88000000	8
hs11	88000000	89000000	6
hs11	89000000	90000000	14
hs11	90000000	91000000	10
hs11	91000000	92000000	3
hs11	92000000	93000000	7
hs11	93000000	94000000	23
hs11	94000000	95000000	18
hs11	95000000	96000000	16
hs11	96000000	97000000	6
hs11	97000000	98000000	7
hs11	98000000	99000000	1
hs11	99000000	100000000	2
hs11	100000000	101000000	7
hs11	101000000	102000000	9
hs11	102000000	103000000	25
hs11	103000000	104000000	7
hs11	104000000	105000000	11
hs11	105000000	106000000	12
hs11	106000000	107000000	10
hs11	107000000	108000000	12
hs11	108000000	109000000	12
hs11	109000000	110000000	5
hs11	110000000	111000000	10
hs11	111000000	112000000	30
hs11	112000000	113000000	24
hs11	113000000	114000000	18
hs11	114000000	115000000	15
hs11	115000000	116000000	10
hs11	116000000	117000000	17
hs11	117000000	118000000	21
hs11	118000000	119000000	38
hs11	119000000	120000000	40
hs11	120000000	121000000	18
hs11	121000000	122000000	10
hs11	122000000	123000000	13
hs11	123000000	124000000	28
hs11	124000000	125000000	44
hs11	125000000	126000000	25
hs11	126000000	127000000	25
hs11	127000000	128000000	7
hs11	128000000	129000000	22
hs11	129000000	130000000	12
hs11	130000000	131000000	23
hs11	131000000	132000000	9
hs11	132000000	133000000	6
hs11	133000000	134000000	8
hs11	134000000	135000000	21
hs11	135000000	135086622	3
hs12	0	1000000	26
hs12	1000000	2000000	19
hs12	2000000	3000000	22
hs12	3000000	4000000	16
hs12	4000000	5000000	18
hs12	5000000	6000000	14
hs12	6000000	7000000	64
hs12	7000000	8000000	23
hs12	8000000	9000000	31
hs12	9000000	10000000	34
hs12	10000000	11000000	49
hs12	11000000	12000000	21
hs12	12000000	13000000	25
hs12	13000000	14000000	12
hs12	14000000	15000000	20
hs12	15000000	16000000	13
hs12	16000000	17000000	7
hs12	17000000	18000000	4
hs12	18000000	19000000	8
hs12	19000000	20000000	7
hs12	20000000	21000000	13
hs12	21000000	22000000	18
hs12	22000000	23000000	12
hs12	23000000	24000000	3
hs12	24000000	25000000	12
hs12	25000000	26000000	11
hs12	26000000	27000000	15
hs12	27000000	28000000	20
hs12	28000000	29000000	6
hs12	29000000	30000000	12
hs12	30000000	31000000	12
hs12	31000000	32000000	25
hs12	32000000	33000000	7
hs12	33000000	34000000	2
hs12	34000000	35000000	4
hs12	35000000	36000000	0
hs12	36000000	37000000	0
hs12	37000000	38000000	0
hs12	38000000	39000000	7
hs12	39000000	40000000	10
hs12	40000000	41000000	10
hs12	41000000	42000000	7
hs12	42000000	43000000	13
hs12	43000000	44000000	6
hs12	44000000	45000000	3
hs12	45000000	46000000	13
hs12	46000000	47000000	10
hs12	47000000	48000000	22
hs12	48000000	49000000	45
hs12	49000000	50000000	40
hs12	50000000	51000000	21
hs12	51000000	52000000	22
hs12	52000000	53000000	46
hs12	53000000	54000000	49
hs12	54000000	55000000	39
hs12	55000000	56000000	41
hs12	56000000	57000000	51
hs12	57000000	58000000	57
hs12	58000000	59000000	12
hs12	59000000	60000000	4
hs12	60000000	61000000	3
hs12	61000000	62000000	2
hs12	62000000	63000000	12
hs12	63000000	64000000	13
hs12	64000000	65000000	23
hs12	65000000	66000000	15
hs12	66000000	67000000	13
hs12	67000000	68000000	16
hs12	68000000	69000000	18
hs12	69000000	70000000	17
hs12	70000000	71000000	9
hs12	71000000	72000000	19
hs12	72000000	73000000	4
hs12	73000000	74000000	6
hs12	74000000	75000000	7
hs12	75000000	76000000	16
hs12	76000000	77000000	14
hs12	77000000	78000000	6
hs12	78000000	79000000	5
hs12	79000000	80000000	9
hs12	80000000	81000000	10
hs12	81000000	82000000	7
hs12	82000000	83000000	6
hs12	83000000	84000000	3
hs12	84000000	85000000	8
hs12	85000000	86000000	10
hs12	86000000	87000000	3
hs12	87000000	88000000	8
hs12	88000000	89000000	14
hs12	89000000	90000000	14
hs12	90000000	91000000	10
hs12	91000000	92000000	11
hs12	92000000	93000000	17
hs12	93000000	94000000	17
hs12	94000000	95000000	18
hs12	95000000	96000000	20
hs12	96000000	97000000	11
hs12	97000000	98000000	13
hs12	98000000	99000000	15
hs12	99000000	100000000	3
hs12	100000000	101000000	12
hs12	101000000	102000000	18
hs12	102000000	103000000	12
hs12	103000000	104000000	19
hs12	104000000	105000000	16
hs12	105000000	106000000	17
hs12	106000000	107000000	15
hs12	107000000	108000000	12
hs12	108000000	109000000	24
hs12	109000000	110000000	26
hs12	110000000	111000000	25
hs12	111000000	112000000	20
hs12	112000000	113000000	18
hs12	113000000	114000000	22
hs12	114000000	115000000	14
hs12	115000000	116000000	8
hs12	116000000	117000000	16
hs12	117000000	118000000	9
hs12	118000000	119000000	21
hs12	119000000	120000000	20
hs12	120000000	121000000	39
hs12	121000000	122000000	29
hs12	122000000	123000000	33
hs12	123000000	124000000	33
hs12	124000000	125000000	21
hs12	125000000	126000000	13
hs12	126000000	127000000	20
hs12	127000000	128000000	20
hs12	128000000	129000000	14
hs12	129000000	130000000	8
hs12	130000000	131000000	19
hs12	131000000	132000000	27
hs12	132000000	133000000	34
hs12	133000000	133275309	8
hs13	0	1000000	0
hs13	1000000	2000000	0
hs13	2000000	3000000	0
hs13	3000000	4000000	0
hs13	4000000	5000000	0
hs13	5000000	6000000	0
hs13	6000000	7000000	0
hs13	7000000	8000000	0
hs13	8000000	9000000	0
hs13	9000000	10000000	0
hs13	10000000	11000000	0
hs13	11000000	12000000	0
hs13	12000000	13000000	0
hs13	13000000	14000000	0
hs13	14000000	15000000	0
hs13	15000000	16000000	0
hs13	16000000	17000000	0
hs13	17000000	18000000	0
hs13	18000000	19000000	10
hs13	19000000	20000000	15
hs13	20000000	21000000	20
hs13	21000000	22000000	20
hs13	22000000	23000000	10
hs13	23000000	24000000	17
hs13	24000000	25000000	18
hs13	25000000	26000000	12
hs13	26000000	27000000	8
hs13	27000000	28000000	26
hs13	28000000	29000000	12
hs13	29000000	30000000	11
hs13	30000000	31000000	22
hs13	31000000	32000000	13
hs13	32000000	33000000	13
hs13	33000000	34000000	10
hs13	34000000	35000000	11
hs13	35000000	36000000	8
hs13	36000000	37000000	17
hs13	37000000	38000000	11
hs13	38000000	39000000	9
hs13	39000000	40000000	14
hs13	40000000	41000000	15
hs13	41000000	42000000	19
hs13	42000000	43000000	15
hs13	43000000	44000000	9
hs13	44000000	45000000	23
hs13	45000000	46000000	22
hs13	46000000	47000000	20
hs13	47000000	48000000	4
hs13	48000000	49000000	20
hs13	49000000	50000000	19
hs13	50000000	51000000	15
hs13	51000000	52000000	17
hs13	52000000	53000000	23
hs13	53000000	54000000	4
hs13	54000000	55000000	4
hs13	55000000	56000000	2
hs13	56000000	57000000	2
hs13	57000000	58000000	9
hs13	58000000	59000000	5
hs13	59000000	60000000	6
hs13	60000000	61000000	12
hs13	61000000	62000000	5
hs13	62000000	63000000	7
hs13	63000000	64000000	12
hs13	64000000	65000000	6
hs13	65000000	66000000	5
hs13	66000000	67000000	10
hs13	67000000	68000000	10
hs13	68000000	69000000	5
hs13	69000000	70000000	2
hs13	70000000	71000000	3
hs13	71000000	72000000	2
hs13	72000000	73000000	8
hs13	73000000	74000000	9
hs13	74000000	75000000	9
hs13	75000000	76000000	11
hs13	76000000	77000000	14
hs13	77000000	78000000	20
hs13	78000000	79000000	8
hs13	79000000	80000000	10
hs13	80000000	81000000	8
hs13	81000000	82000000	6
hs13	82000000	83000000	2
hs13	83000000	84000000	2
hs13	84000000	85000000	5
hs13	85000000	86000000	5
hs13	86000000	87000000	5
hs13	87000000	88000000	10
hs13	88000000	89000000	4
hs13	89000000	90000000	8
hs13	90000000	91000000	8
hs13	91000000	92000000	16
hs13	92000000	93000000	7
hs13	93000000	94000000	4
hs13	94000000	95000000	13
hs13	95000000	96000000	12
hs13	96000000	97000000	6
hs13	97000000	98000000	12
hs13	98000000	99000000	14
hs13	99000000	100000000	25
hs13	100000000	101000000	11
hs13	101000000	102000000	6
hs13	102000000	103000000	18
hs13	103000000	104000000	4
hs13	104000000	105000000	10
hs13	105000000	106000000	8
hs13	106000000	107000000	12
hs13	107000000	108000000	8
hs13	108000000	109000000	5
hs13	109000000	110000000	19
hs13	110000000	111000000	26
hs13	111000000	112000000	15
hs13	112000000	113000000	28
hs13	113000000	114000000	36
hs13	114000000	114364328	14
hs14	0	1000000	0
hs14	1000000	2000000	0
hs14	2000000	3000000	0
hs14	3000000	4000000	0
hs14	4000000	5000000	0
hs14	5000000	6000000	0
hs14	6000000	7000000	0
hs14	7000000	8000000	0
hs14	8000000	9000000	0
hs14	9000000	10000000	0
hs14	10000000	11000000	0
hs14	11000000	12000000	0
hs14	12000000	13000000	0
hs14	13000000	14000000	0
hs14	14000000	15000000	0
hs14	15000000	16000000	0
hs14	16000000	17000000	2
hs14	17000000	18000000	0
hs14	18000000	19000000	5
hs14	19000000	20000000	23
hs14	20000000	21000000	64
hs14	21000000	22000000	31
hs14	22000000	23000000	28
hs14	23000000	24000000	46
hs14	24000000	25000000	51
hs14	25000000	26000000	7
hs14	26000000	27000000	9
hs14	27000000	28000000	5
hs14	28000000	29000000	10
hs14	29000000	30000000	6
hs14	30000000	31000000	9
hs14	31000000	32000000	13
hs14	32000000	33000000	8
hs14	33000000	34000000	7
hs14	34000000	35000000	16
hs14	35000000	36000000	17
hs14	36000000	37000000	16
hs14	37000000	38000000	7
hs14	38000000	39000000	9
hs14	39000000	40000000	13
hs14	40000000	41000000	7
hs14	41000000	42000000	5
hs14	42000000	43000000	0
hs14	43000000	44000000	4
hs14	44000000	45000000	11
hs14	45000000	46000000	16
hs14	46000000	47000000	6
hs14	47000000	48000000	3
hs14	48000000	49000000	5
hs14	49000000	50000000	20
hs14	50000000	51000000	21
hs14	51000000	52000000	18
hs14	52000000	53000000	14
hs14	53000000	54000000	10
hs14	54000000	55000000	12
hs14	55000000	56000000	20
hs14	56000000	57000000	11
hs14	57000000	58000000	9
hs14	58000000	59000000	15
hs14	59000000	60000000	13
hs14	60000000	61000000	16
hs14	61000000	62000000	14
hs14	62000000	63000000	6
hs14	63000000	64000000	16
hs14	64000000	65000000	22
hs14	65000000	66000000	12
hs14	66000000	67000000	5
hs14	67000000	68000000	20
hs14	68000000	69000000	14
hs14	69000000	70000000	17
hs14	70000000	71000000	27
hs14	71000000	72000000	10
hs14	72000000	73000000	10
hs14	73000000	74000000	28
hs14	74000000	75000000	29
hs14	75000000	76000000	20
hs14	76000000	77000000	13
hs14	77000000	78000000	26
hs14	78000000	79000000	2
hs14	79000000	80000000	11
hs14	80000000	81000000	6
hs14	81000000	82000000	13
hs14	82000000	83000000	4
hs14	83000000	84000000	5
hs14	84000000	85000000	2
hs14	85000000	86000000	7
hs14	86000000	87000000	4
hs14	87000000	88000000	5
hs14	88000000	89000000	14
hs14	89000000	90000000	13
hs14	90000000	91000000	17
hs14	91000000	92000000	18
hs14	92000000	93000000	17
hs14	93000000	94000000	19
hs14	94000000	95000000	30
hs14	95000000	96000000	26
hs14	96000000	97000000	16
hs14	97000000	98000000	11
hs14	98000000	99000000	12
hs14	99000000	100000000	14
hs14	100000000	101000000	85
hs14	101000000	102000000	66
hs14	102000000	103000000	24
hs14	103000000	104000000	31
hs14	104000000	105000000	31
hs14	105000000	106000000	31
hs14	106000000	107000000	7
hs14	107000000	107043718	0
hs15	0	1000000	0
hs15	1000000	2000000	0
hs15	2000000	3000000	0
hs15	3000000	4000000	0
hs15	4000000	5000000	0
hs15	5000000	6000000	0
hs15	6000000	7000000	0
hs15	7000000	8000000	0
hs15	8000000	9000000	0
hs15	9000000	10000000	0
hs15	10000000	11000000	0
hs15	11000000	12000000	0
hs15	12000000	13000000	0
hs15	13000000	14000000	0
hs15	14000000	15000000	0
hs15	15000000	16000000	0
hs15	16000000	17000000	0
hs15	17000000	18000000	0
hs15	18000000	19000000	0
hs15	19000000	20000000	0
hs15	20000000	21000000	15
hs15	21000000	22000000	30
hs15	22000000	23000000	28
hs15	23000000	24000000	26
hs15	24000000	25000000	18
hs15	25000000	26000000	96
hs15	26000000	27000000	13
hs15	27000000	28000000	5
hs15	28000000	29000000	21
hs15	29000000	30000000	7
hs15	30000000	31000000	28
hs15	31000000	32000000	12
hs15	32000000	33000000	33
hs15	33000000	34000000	8
hs15	34000000	35000000	25
hs15	35000000	36000000	11
hs15	36000000	37000000	13
hs15	37000000	38000000	5
hs15	38000000	39000000	12
hs15	39000000	40000000	21
hs15	40000000	41000000	51
hs15	41000000	42000000	31
hs15	42000000	43000000	21
hs15	43000000	44000000	34
hs15	44000000	45000000	15
hs15	45000000	46000000	33
hs15	46000000	47000000	3
hs15	47000000	48000000	7
hs15	48000000	49000000	22
hs15	49000000	50000000	12
hs15	50000000	51000000	15
hs15	51000000	52000000	23
hs15	52000000	53000000	19
hs15	53000000	54000000	8
hs15	54000000	55000000	1
hs15	55000000	56000000	16
hs15	56000000	57000000	10
hs15	57000000	58000000	12
hs15	58000000	59000000	13
hs15	59000000	60000000	10
hs15	60000000	61000000	13
hs15	61000000	62000000	10
hs15	62000000	63000000	17
hs15	63000000	64000000	20
hs15	64000000	65000000	21
hs15	65000000	66000000	30
hs15	66000000	67000000	23
hs15	67000000	68000000	16
hs15	68000000	69000000	16
hs15	69000000	70000000	19
hs15	70000000	71000000	17
hs15	71000000	72000000	14
hs15	72000000	73000000	23
hs15	73000000	74000000	19
hs15	74000000	75000000	44
hs15	75000000	76000000	31
hs15	76000000	77000000	13
hs15	77000000	78000000	15
hs15	78000000	79000000	29
hs15	79000000	80000000	19
hs15	80000000	81000000	16
hs15	81000000	82000000	13
hs15	82000000	83000000	29
hs15	83000000	84000000	15
hs15	84000000	85000000	31
hs15	85000000	86000000	15
hs15	86000000	87000000	6
hs15	87000000	88000000	9
hs15	88000000	89000000	20
hs15	89000000	90000000	38
hs15	90000000	91000000	33
hs15	91000000	92000000	12
hs15	92000000	93000000	15
hs15	93000000	94000000	11
hs15	94000000	95000000	10
hs15	95000000	96000000	10
hs15	96000000	97000000	14
hs15	97000000	98000000	11
hs15	98000000	99000000	13
hs15	99000000	100000000	21
hs15	100000000	101000000	16
hs15	101000000	101991189	29
hs16	0	1000000	70
hs16	1000000	2000000	62
hs16	2000000	3000000	71
hs16	3000000	4000000	64
hs16	4000000	5000000	37
hs16	5000000	6000000	13
hs16	6000000	7000000	1
hs16	7000000	8000000	5
hs16	8000000	9000000	16
hs16	9000000	10000000	9
hs16	10000000	11000000	15
hs16	11000000	12000000	29
hs16	12000000	13000000	14
hs16	13000000	14000000	9
hs16	14000000	15000000	30
hs16	15000000	16000000	26
hs16	16000000	17000000	18
hs16	17000000	18000000	6
hs16	18000000	19000000	26
hs16	19000000	20000000	24
hs16	20000000	21000000	22
hs16	21000000	22000000	29
hs16	22000000	23000000	25
hs16	23000000	24000000	16
hs16	24000000	25000000	12
hs16	25000000	26000000	13
hs16	26000000	27000000	6
hs16	27000000	28000000	18
hs16	28000000	29000000	41
hs16	29000000	30000000	48
hs16	30000000	31000000	67
hs16	31000000	32000000	36
hs16	32000000	33000000	19
hs16	33000000	34000000	23
hs16	34000000	35000000	8
hs16	35000000	36000000	20
hs16	36000000	37000000	1
hs16	37000000	38000000	0
hs16	38000000	39000000	0
hs16	39000000	40000000	0
hs16	40000000	41000000	0
hs16	41000000	42000000	0
hs16	42000000	43000000	0
hs16	43000000	44000000	0
hs16	44000000	45000000	0
hs16	45000000	46000000	0
hs16	46000000	47000000	10
hs16	47000000	48000000	12
hs16	48000000	49000000	11
hs16	49000000	50000000	11
hs16	50000000	51000000	24
hs16	51000000	52000000	15
hs16	52000000	53000000	12
hs16	53000000	54000000	14
hs16	54000000	55000000	16
hs16	55000000	56000000	15
hs16	56000000	57000000	41
hs16	57000000	58000000	32
hs16	58000000	59000000	22
hs16	59000000	60000000	6
hs16	60000000	61000000	3
hs16	61000000	62000000	4
hs16	62000000	63000000	6
hs16	63000000	64000000	4
hs16	64000000	65000000	7
hs16	65000000	66000000	5
hs16	66000000	67000000	32
hs16	67000000	68000000	53
hs16	68000000	69000000	24
hs16	69000000	70000000	25
hs16	70000000	71000000	30
hs16	71000000	72000000	31
hs16	72000000	73000000	15
hs16	73000000	74000000	11
hs16	74000000	75000000	17
hs16	75000000	76000000	24
hs16	76000000	77000000	6
hs16	77000000	78000000	13
hs16	78000000	79000000	8
hs16	79000000	80000000	9
hs16	80000000	81000000	8
hs16	81000000	82000000	19
hs16	82000000	83000000	12
hs16	83000000	84000000	12
hs16	84000000	85000000	26
hs16	85000000	86000000	26
hs16	86000000	87000000	22
hs16	87000000	88000000	30
hs16	88000000	89000000	40
hs16	89000000	90000000	44
hs16	90000000	90338345	12
hs17	0	1000000	29
hs17	1000000	2000000	30
hs17	2000000	3000000	31
hs17	3000000	4000000	34
hs17	4000000	5000000	47
hs17	5000000	6000000	29
hs17	6000000	7000000	27
hs17	7000000	8000000	85
hs17	8000000	9000000	71
hs17	9000000	10000000	14
hs17	10000000	11000000	19
hs17	11000000	12000000	6
hs17	12000000	13000000	12
hs17	13000000	14000000	9
hs17	14000000	15000000	10
hs17	15000000	16000000	31
hs17	16000000	17000000	35
hs17	17000000	18000000	21
hs17	18000000	19000000	41
hs17	19000000	20000000	39
hs17	20000000	21000000	21
hs17	21000000	22000000	15
hs17	22000000	23000000	9
hs17	23000000	24000000	0
hs17	24000000	25000000	0
hs17	25000000	26000000	0
hs17	26000000	27000000	1
hs17	27000000	28000000	19
hs17	28000000	29000000	59
hs17	29000000	30000000	22
hs17	30000000	31000000	27
hs17	31000000	32000000	30
hs17	32000000	33000000	27
hs17	33000000	34000000	9
hs17	34000000	35000000	23
hs17	35000000	36000000	41
hs17	36000000	37000000	37
hs17	37000000	38000000	20
hs17	38000000	39000000	46
hs17	39000000	40000000	45
hs17	40000000	41000000	44
hs17	41000000	42000000	70
hs17	42000000	43000000	56
hs17	43000000	44000000	53
hs17	44000000	45000000	49
hs17	45000000	46000000	36
hs17	46000000	47000000	22
hs17	47000000	48000000	27
hs17	48000000	49000000	52
hs17	49000000	50000000	29
hs17	50000000	51000000	44
hs17	51000000	52000000	11
hs17	52000000	53000000	6
hs17	53000000	54000000	4
hs17	54000000	55000000	6
hs17	55000000	56000000	11
hs17	56000000	57000000	14
hs17	57000000	58000000	16
hs17	58000000	59000000	34
hs17	59000000	60000000	24
hs17	60000000	61000000	19
hs17	61000000	62000000	13
hs17	62000000	63000000	16
hs17	63000000	64000000	29
hs17	64000000	65000000	27
hs17	65000000	66000000	9
hs17	66000000	67000000	8
hs17	67000000	68000000	18
hs17	68000000	69000000	19
hs17	69000000	70000000	17
hs17	70000000	71000000	12
hs17	71000000	72000000	3
hs17	72000000	73000000	14
hs17	73000000	74000000	15
hs17	74000000	75000000	41
hs17	75000000	76000000	50
hs17	76000000	77000000	44
hs17	77000000	78000000	23
hs17	78000000	79000000	30
hs17	79000000	80000000	20
hs17	80000000	81000000	22
hs17	81000000	82000000	66
hs17	82000000	83000000	47
hs17	83000000	83257441	9
hs18	0	1000000	23
hs18	1000000	2000000	7
hs18	2000000	3000000	16
hs18	3000000	4000000	22
hs18	4000000	5000000	5
hs18	5000000	6000000	15
hs18	6000000	7000000	12
hs18	7000000	8000000	11
hs18	8000000	9000000	7
hs18	9000000	10000000	19
hs18	10000000	11000000	18
hs18	11000000	12000000	17
hs18	12000000	13000000	21
hs18	13000000	14000000	13
hs18	14000000	15000000	19
hs18	15000000	16000000	2
hs18	16000000	17000000	0
hs18	17000000	18000000	0
hs18	18000000	19000000	0
hs18	19000000	20000000	0
hs18	20000000	21000000	1
hs18	21000000	22000000	18
hs18	22000000	23000000	19
hs18	23000000	24000000	12
hs18	24000000	25000000	15
hs18	25000000	26000000	6
hs18	26000000	27000000	18
hs18	27000000	28000000	9
hs18	28000000	29000000	2
hs18	29000000	30000000	4
hs18	30000000	31000000	5
hs18	31000000	32000000	20
hs18	32000000	33000000	14
hs18	33000000	34000000	4
hs18	34000000	35000000	8
hs18	35000000	36000000	21
hs18	36000000	37000000	12
hs18	37000000	38000000	10
hs18	38000000	39000000	5
hs18	39000000	40000000	9
hs18	40000000	41000000	5
hs18	41000000	42000000	6
hs18	42000000	43000000	5
hs18	43000000	44000000	4
hs18	44000000	45000000	8
hs18	45000000	46000000	11
hs18	46000000	47000000	15
hs18	47000000	48000000	14
hs18	48000000	49000000	14
hs18	49000000	50000000	20
hs18	50000000	51000000	17
hs18	51000000	52000000	7
hs18	52000000	53000000	2
hs18	53000000	54000000	6
hs18	54000000	55000000	12
hs18	55000000	56000000	12
hs18	56000000	57000000	10
hs18	57000000	58000000	16
hs18	58000000	59000000	16
hs18	59000000	60000000	10
hs18	60000000	61000000	6
hs18	61000000	62000000	8
hs18	62000000	63000000	6
hs18	63000000	64000000	22
hs18	64000000	65000000	9
hs18	65000000	66000000	4
hs18	66000000	67000000	3
hs18	67000000	68000000	7
hs18	68000000	69000000	3
hs18	69000000	70000000	8
hs18	70000000	71000000	12
hs18	71000000	72000000	8
hs18	72000000	73000000	5
hs18	73000000	74000000	6
hs18	74000000	75000000	12
hs18	75000000	76000000	13
hs18	76000000	77000000	26
hs18	77000000	78000000	9
hs18	78000000	79000000	7
hs18	79000000	80000000	22
hs18	80000000	80373285	7
hs19	0	1000000	51
hs19	1000000	2000000	61
hs19	2000000	3000000	45
hs19	3000000	4000000	41
hs19	4000000	5000000	40
hs19	5000000	6000000	29
hs19	6000000	7000000	33
hs19	7000000	8000000	49
hs19	8000000	9000000	28
hs19	9000000	10000000	38
hs19	10000000	11000000	54
hs19	11000000	12000000	43
hs19	12000000	13000000	56
hs19	13000000	14000000	28
hs19	14000000	15000000	36
hs19	15000000	16000000	35
hs19	16000000	17000000	29
hs19	17000000	18000000	40
hs19	18000000	19000000	44
hs19	19000000	20000000	37
hs19	20000000	21000000	25
hs19	21000000	22000000	22
hs19	22000000	23000000	20
hs19	23000000	24000000	22
hs19	24000000	25000000	4
hs19	25000000	26000000	0
hs19	26000000	27000000	0
hs19	27000000	28000000	6
hs19	28000000	29000000	10
hs19	29000000	30000000	14
hs19	30000000	31000000	6
hs19	31000000	32000000	14
hs19	32000000	33000000	21
hs19	33000000	34000000	19
hs19	34000000	35000000	29
hs19	35000000	36000000	66
hs19	36000000	37000000	37
hs19	37000000	38000000	28
hs19	38000000	39000000	39
hs19	39000000	40000000	50
hs19	40000000	41000000	38
hs19	41000000	42000000	39
hs19	42000000	43000000	32
hs19	43000000	44000000	38
hs19	44000000	45000000	43
hs19	45000000	46000000	50
hs19	46000000	47000000	36
hs19	47000000	48000000	46
hs19	48000000	49000000	55
hs19	49000000	50000000	85
hs19	50000000	51000000	64
hs19	51000000	52000000	60
hs19	52000000	53000000	43
hs19	53000000	54000000	91
hs19	54000000	55000000	55
hs19	55000000	56000000	62
hs19	56000000	57000000	42
hs19	57000000	58000000	49
hs19	58000000	58617616	49
hs2	0	1000000	24
hs2	1000000	2000000	13
hs2	2000000	3000000	7
hs2	3000000	4000000	19
hs2	4000000	5000000	5
hs2	5000000	6000000	13
hs2	6000000	7000000	15
hs2	7000000	8000000	18
hs2	8000000	9000000	8
hs2	9000000	10000000	25
hs2	10000000	11000000	29
hs2	11000000	12000000	20
hs2	12000000	13000000	11
hs2	13000000	14000000	8
hs2	14000000	15000000	3
hs2	15000000	16000000	10
hs2	16000000	17000000	8
hs2	17000000	18000000	12
hs2	18000000	19000000	8
hs2	19000000	20000000	17
hs2	20000000	21000000	19
hs2	21000000	22000000	12
hs2	22000000	23000000	4
hs2	23000000	24000000	11
hs2	24000000	25000000	22
hs2	25000000	26000000	13
hs2	26000000	27000000	20
hs2	27000000	28000000	52
hs2	28000000	29000000	23
hs2	29000000	30000000	9
hs2	30000000	31000000	13
hs2	31000000	32000000	12
hs2	32000000	33000000	17
hs2	33000000	34000000	9
hs2	34000000	35000000	11
hs2	35000000	36000000	4
hs2	36000000	37000000	9
hs2	37000000	38000000	22
hs2	38000000	39000000	23
hs2	39000000	40000000	9
hs2	40000000	41000000	9
hs2	41000000	42000000	7
hs2	42000000	43000000	14
hs2	43000000	44000000	17
hs2	44000000	45000000	16
hs2	45000000	46000000	10
hs2	46000000	47000000	23
hs2	47000000	48000000	20
hs2	48000000	49000000	13
hs2	49000000	50000000	6
hs2	50000000	51000000	4
hs2	51000000	52000000	4
hs2	52000000	53000000	7
hs2	53000000	54000000	13
hs2	54000000	55000000	17
hs2	55000000	56000000	20
hs2	56000000	57000000	7
hs2	57000000	58000000	8
hs2	58000000	59000000	6
hs2	59000000	60000000	3
hs2	60000000	61000000	9
hs2	61000000	62000000	19
hs2	62000000	63000000	9
hs2	63000000	64000000	9
hs2	64000000	65000000	26
hs2	65000000	66000000	16
hs2	66000000	67000000	14
hs2	67000000	68000000	11
hs2	68000000	69000000	23
hs2	69000000	70000000	20
hs2	70000000	71000000	30
hs2	71000000	72000000	10
hs2	72000000	73000000	7
hs2	73000000	74000000	32
hs2	74000000	75000000	36
hs2	75000000	76000000	17
hs2	76000000	77000000	4
hs2	77000000	78000000	9
hs2	78000000	79000000	7
hs2	79000000	80000000	10
hs2	80000000	81000000	6
hs2	81000000	82000000	4
hs2	82000000	83000000	5
hs2	83000000	84000000	5
hs2	84000000	85000000	9
hs2	85000000	86000000	34
hs2	86000000	87000000	23
hs2	87000000	88000000	21
hs2	88000000	89000000	24
hs2	89000000	90000000	5
hs2	90000000	91000000	2
hs2	91000000	92000000	7
hs2	92000000	93000000	0
hs2	93000000	94000000	0
hs2	94000000	95000000	10
hs2	95000000	96000000	21
hs2	96000000	97000000	33
hs2	97000000	98000000	16
hs2	98000000	99000000	14
hs2	99000000	100000000	14
hs2	100000000	101000000	15
hs2	101000000	102000000	21
hs2	102000000	103000000	17
hs2	103000000	104000000	4
hs2	104000000	105000000	22
hs2	105000000	106000000	19
hs2	106000000	107000000	14
hs2	107000000	108000000	13
hs2	108000000	109000000	16
hs2	109000000	110000000	20
hs2	110000000	111000000	34
hs2	111000000	112000000	17
hs2	112000000	113000000	28
hs2	113000000	114000000	40
hs2	114000000	115000000	7
hs2	115000000	116000000	6
hs2	116000000	117000000	1
hs2	117000000	118000000	5
hs2	118000000	119000000	14
hs2	119000000	120000000	15
hs2	120000000	121000000	15
hs2	121000000	122000000	13
hs2	122000000	123000000	7
hs2	123000000	124000000	1
hs2	124000000	125000000	2
hs2	125000000	126000000	3
hs2	126000000	127000000	7
hs2	127000000	128000000	27
hs2	128000000	129000000	9
hs2	129000000	130000000	13
hs2	130000000	131000000	31
hs2	131000000	132000000	21
hs2	132000000	133000000	16
hs2	133000000	134000000	4
hs2	134000000	135000000	11
hs2	135000000	136000000	17
hs2	136000000	137000000	4
hs2	137000000	138000000	4
hs2	138000000	139000000	12
hs2	139000000	140000000	6
hs2	140000000	141000000	4
hs2	141000000	142000000	5
hs2	142000000	143000000	5
hs2	143000000	144000000	8
hs2	144000000	145000000	8
hs2	145000000	146000000	6
hs2	146000000	147000000	5
hs2	147000000	148000000	4
hs2	148000000	149000000	10
hs2	149000000	150000000	11
hs2	150000000	151000000	7
hs2	151000000	152000000	14
hs2	152000000	153000000	8
hs2	153000000	154000000	4
hs2	154000000	155000000	6
hs2	155000000	156000000	10
hs2	156000000	157000000	13
hs2	157000000	158000000	13
hs2	158000000	159000000	10
hs2	159000000	160000000	12
hs2	160000000	161000000	8
hs2	161000000	162000000	11
hs2	162000000	163000000	11
hs2	163000000	164000000	6
hs2	164000000	165000000	6
hs2	165000000	166000000	11
hs2	166000000	167000000	9
hs2	167000000	168000000	6
hs2	168000000	169000000	13
hs2	169000000	170000000	18
hs2	170000000	171000000	13
hs2	171000000	172000000	16
hs2	172000000	173000000	15
hs2	173000000	174000000	8
hs2	174000000	175000000	19
hs2	175000000	176000000	8
hs2	176000000	177000000	31
hs2	177000000	178000000	17
hs2	178000000	179000000	18
hs2	179000000	180000000	8
hs2	180000000	181000000	9
hs2	181000000	182000000	10
hs2	182000000	183000000	10
hs2	183000000	184000000	8
hs2	184000000	185000000	8
hs2	185000000	186000000	9
hs2	186000000	187000000	9
hs2	187000000	188000000	5
hs2	188000000	189000000	12
hs2	189000000	190000000	15
hs2	190000000	191000000	14
hs2	191000000	192000000	18
hs2	192000000	193000000	3
hs2	193000000	194000000	2
hs2	194000000	195000000	5
hs2	195000000	196000000	7
hs2	196000000	197000000	16
hs2	197000000	198000000	19
hs2	198000000	199000000	4
hs2	199000000	200000000	9
hs2	200000000	201000000	18
hs2	201000000	202000000	17
hs2	202000000	203000000	16
hs2	203000000	204000000	9
hs2	204000000	205000000	6
hs2	205000000	206000000	5
hs2	206000000	207000000	18
hs2	207000000	208000000	17
hs2	208000000	209000000	18
hs2	209000000	210000000	2
hs2	210000000	211000000	11
hs2	211000000	212000000	2
hs2	212000000	213000000	9
hs2	213000000	214000000	7
hs2	214000000	215000000	9
hs2	215000000	216000000	17
hs2	216000000	217000000	28
hs2	217000000	218000000	12
hs2	218000000	219000000	49
hs2	219000000	220000000	49
hs2	220000000	221000000	6
hs2	221000000	222000000	5
hs2	222000000	223000000	14
hs2	223000000	224000000	13
hs2	224000000	225000000	13
hs2	225000000	226000000	5
hs2	226000000	227000000	7
hs2	227000000	228000000	25
hs2	228000000	229000000	5
hs2	229000000	230000000	9
hs2	230000000	231000000	19
hs2	231000000	232000000	28
hs2	232000000	233000000	22
hs2	233000000	234000000	25
hs2	234000000	235000000	13
hs2	235000000	236000000	9
hs2	236000000	237000000	18
hs2	237000000	238000000	23
hs2	238000000	239000000	24
hs2	239000000	240000000	15
hs2	240000000	241000000	30
hs2	241000000	242000000	37
hs2	242000000	242193529	6
hs20	0	1000000	26
hs20	1000000	2000000	33
hs20	2000000	3000000	33
hs20	3000000	4000000	35
hs20	4000000	5000000	14
hs20	5000000	6000000	22
hs20	6000000	7000000	10
hs20	7000000	8000000	7
hs20	8000000	9000000	12
hs20	9000000	10000000	7
hs20	10000000	11000000	15
hs20	11000000	12000000	11
hs20	12000000	13000000	10
hs20	13000000	14000000	9
hs20	14000000	15000000	5
hs20	15000000	16000000	2
hs20	16000000	17000000	9
hs20	17000000	18000000	14
hs20	18000000	19000000	25
hs20	19000000	20000000	7
hs20	20000000	21000000	11
hs20	21000000	22000000	12
hs20	22000000	23000000	18
hs20	23000000	24000000	32
hs20	24000000	25000000	9
hs20	25000000	26000000	20
hs20	26000000	27000000	6
hs20	27000000	28000000	0
hs20	28000000	29000000	1
hs20	29000000	30000000	11
hs20	30000000	31000000	18
hs20	31000000	32000000	30
hs20	32000000	33000000	25
hs20	33000000	34000000	29
hs20	34000000	35000000	20
hs20	35000000	36000000	33
hs20	36000000	37000000	23
hs20	37000000	38000000	18
hs20	38000000	39000000	33
hs20	39000000	40000000	6
hs20	40000000	41000000	12
hs20	41000000	42000000	16
hs20	42000000	43000000	8
hs20	43000000	44000000	17
hs20	44000000	45000000	33
hs20	45000000	46000000	55
hs20	46000000	47000000	23
hs20	47000000	48000000	17
hs20	48000000	49000000	15
hs20	49000000	50000000	26
hs20	50000000	51000000	31
hs20	51000000	52000000	10
hs20	52000000	53000000	12
hs20	53000000	54000000	13
hs20	54000000	55000000	8
hs20	55000000	56000000	7
hs20	56000000	57000000	17
hs20	57000000	58000000	23
hs20	58000000	59000000	27
hs20	59000000	60000000	14
hs20	60000000	61000000	14
hs20	61000000	62000000	7
hs20	62000000	63000000	51
hs20	63000000	64000000	69
hs20	64000000	64444167	14
hs21	0	1000000	0
hs21	1000000	2000000	0
hs21	2000000	3000000	0
hs21	3000000	4000000	0
hs21	4000000	5000000	0
hs21	5000000	6000000	17
hs21	6000000	7000000	21
hs21	7000000	8000000	15
hs21	8000000	9000000	29
hs21	9000000	10000000	15
hs21	10000000	11000000	4
hs21	11000000	12000000	0
hs21	12000000	13000000	0
hs21	13000000	14000000	11
hs21	14000000	15000000	13
hs21	15000000	16000000	11
hs21	16000000	17000000	6
hs21	17000000	18000000	14
hs21	18000000	19000000	4
hs21	19000000	20000000	4
hs21	20000000	21000000	6
hs21	21000000	22000000	3
hs21	22000000	23000000	4
hs21	23000000	24000000	6
hs21	24000000	25000000	4
hs21	25000000	26000000	16
hs21	26000000	27000000	12
hs21	27000000	28000000	6
hs21	28000000	29000000	9
hs21	29000000	30000000	21
hs21	30000000	31000000	39
hs21	31000000	32000000	14
hs21	32000000	33000000	26
hs21	33000000	34000000	25
hs21	34000000	35000000	20
hs21	35000000	36000000	7
hs21	36000000	37000000	22
hs21	37000000	38000000	15
hs21	38000000	39000000	18
hs21	39000000	40000000	21
hs21	40000000	41000000	7
hs21	41000000	42000000	26
hs21	42000000	43000000	33
hs21	43000000	44000000	39
hs21	44000000	45000000	56
hs21	45000000	46000000	27
hs21	46000000	46709983	23
hs22	0	1000000	0
hs22	1000000	2000000	0
hs22	2000000	3000000	0
hs22	3000000	4000000	0
hs22	4000000	5000000	0
hs22	5000000	6000000	0
hs22	6000000	7000000	0
hs22	7000000	8000000	0
hs22	8000000	9000000	0
hs22	9000000	10000000	0
hs22	10000000	11000000	6
hs22	11000000	12000000	9
hs22	12000000	13000000	4
hs22	13000000	14000000	0
hs22	14000000	15000000	0
hs22	15000000	16000000	11
hs22	16000000	17000000	9
hs22	17000000	18000000	23
hs22	18000000	19000000	36
hs22	19000000	20000000	38
hs22	20000000	21000000	44
hs22	21000000	22000000	42
hs22	22000000	23000000	24
hs22	23000000	24000000	41
hs22	24000000	25000000	28
hs22	25000000	26000000	16
hs22	26000000	27000000	21
hs22	27000000	28000000	19
hs22	28000000	29000000	11
hs22	29000000	30000000	28
hs22	30000000	31000000	36
hs22	31000000	32000000	30
hs22	32000000	33000000	22
hs22	33000000	34000000	11
hs22	34000000	35000000	9
hs22	35000000	36000000	17
hs22	36000000	37000000	27
hs22	37000000	38000000	45
hs22	38000000	39000000	38
hs22	39000000	40000000	32
hs22	40000000	41000000	20
hs22	41000000	42000000	39
hs22	42000000	43000000	32
hs22	43000000	44000000	24
hs22	44000000	45000000	19
hs22	45000000	46000000	23
hs22	46000000	47000000	34
hs22	47000000	48000000	8
hs22	48000000	49000000	12
hs22	49000000	50000000	19
hs22	50000000	50818468	43
hs3	0	1000000	13
hs3	1000000	2000000	4
hs3	2000000	3000000	5
hs3	3000000	4000000	8
hs3	4000000	5000000	14
hs3	5000000	6000000	11
hs3	6000000	7000000	8
hs3	7000000	8000000	4
hs3	8000000	9000000	14
hs3	9000000	10000000	31
hs3	10000000	11000000	64
hs3	11000000	12000000	10
hs3	12000000	13000000	16
hs3	13000000	14000000	14
hs3	14000000	15000000	22
hs3	15000000	16000000	20
hs3	16000000	17000000	17
hs3	17000000	18000000	6
hs3	18000000	19000000	6
hs3	19000000	20000000	9
hs3	20000000	21000000	8
hs3	21000000	22000000	6
hs3	22000000	23000000	1
hs3	23000000	24000000	10
hs3	24000000	25000000	8
hs3	25000000	26000000	11
hs3	26000000	27000000	5
hs3	27000000	28000000	9
hs3	28000000	29000000	7
hs3	29000000	30000000	6
hs3	30000000	31000000	10
hs3	31000000	32000000	8
hs3	32000000	33000000	19
hs3	33000000	34000000	12
hs3	34000000	35000000	5
hs3	35000000	36000000	4
hs3	36000000	37000000	10
hs3	37000000	38000000	14
hs3	38000000	39000000	19
hs3	39000000	40000000	24
hs3	40000000	41000000	18
hs3	41000000	42000000	7
hs3	42000000	43000000	30
hs3	43000000	44000000	11
hs3	44000000	45000000	28
hs3	45000000	46000000	23
hs3	46000000	47000000	29
hs3	47000000	48000000	23
hs3	48000000	49000000	40
hs3	49000000	50000000	45
hs3	50000000	51000000	39
hs3	51000000	52000000	26
hs3	52000000	53000000	46
hs3	53000000	54000000	18
hs3	54000000	55000000	8
hs3	55000000	56000000	11
hs3	56000000	57000000	6
hs3	57000000	58000000	20
hs3	58000000	59000000	22
hs3	59000000	60000000	7
hs3	60000000	61000000	7
hs3	61000000	62000000	7
hs3	62000000	63000000	7
hs3	63000000	64000000	11
hs3	64000000	65000000	16
hs3	65000000	66000000	13
hs3	66000000	67000000	12
hs3	67000000	68000000	8
hs3	68000000	69000000	5
hs3	69000000	70000000	10
hs3	70000000	71000000	4
hs3	71000000	72000000	12
hs3	72000000	73000000	18
hs3	73000000	74000000	10
hs3	74000000	75000000	5
hs3	75000000	76000000	11
hs3	76000000	77000000	3
hs3	77000000	78000000	2
hs3	78000000	79000000	4
hs3	79000000	80000000	3
hs3	80000000	81000000	6
hs3	81000000	82000000	8
hs3	82000000	83000000	1
hs3	83000000	84000000	6
hs3	84000000	85000000	5
hs3	85000000	86000000	5
hs3	86000000	87000000	7
hs3	87000000	88000000	6
hs3	88000000	89000000	6
hs3	89000000	90000000	2
hs3	90000000	91000000	2
hs3	91000000	92000000	1
hs3	92000000	93000000	0
hs3	93000000	94000000	2
hs3	94000000	95000000	6
hs3	95000000	96000000	1
hs3	96000000	97000000	3
hs3	97000000	98000000	11
hs3	98000000	99000000	27
hs3	99000000	100000000	11
hs3	100000000	101000000	14
hs3	101000000	102000000	17
hs3	102000000	103000000	7
hs3	103000000	104000000	2
hs3	104000000	105000000	6
hs3	105000000	106000000	6
hs3	106000000	107000000	10
hs3	107000000	108000000	9
hs3	108000000	109000000	20
hs3	109000000	110000000	10
hs3	110000000	111000000	3
hs3	111000000	112000000	16
hs3	112000000	113000000	25
hs3	113000000	114000000	23
hs3	114000000	115000000	14
hs3	115000000	116000000	14
hs3	116000000	117000000	9
hs3	117000000	118000000	8
hs3	118000000	119000000	8
hs3	119000000	120000000	22
hs3	120000000	121000000	21
hs3	121000000	122000000	13
hs3	122000000	123000000	21
hs3	123000000	124000000	15
hs3	124000000	125000000	13
hs3	125000000	126000000	20
hs3	126000000	127000000	24
hs3	127000000	128000000	22
hs3	128000000	129000000	22
hs3	129000000	130000000	29
hs3	130000000	131000000	20
hs3	131000000	132000000	16
hs3	132000000	133000000	17
hs3	133000000	134000000	15
hs3	134000000	135000000	14
hs3	135000000	136000000	6
hs3	136000000	137000000	10
hs3	137000000	138000000	5
hs3	138000000	139000000	18
hs3	139000000	140000000	15
hs3	140000000	141000000	8
hs3	141000000	142000000	15
hs3	142000000	143000000	12
hs3	143000000	144000000	11
hs3	144000000	145000000	3
hs3	145000000	146000000	4
hs3	146000000	147000000	9
hs3	147000000	148000000	10
hs3	148000000	149000000	12
hs3	149000000	150000000	20
hs3	150000000	151000000	25
hs3	151000000	152000000	19
hs3	152000000	153000000	10
hs3	153000000	154000000	7
hs3	154000000	155000000	9
hs3	155000000	156000000	12
hs3	156000000	157000000	11
hs3	157000000	158000000	10
hs3	158000000	159000000	12
hs3	159000000	160000000	9
hs3	160000000	161000000	16
hs3	161000000	162000000	12
hs3	162000000	163000000	2
hs3	163000000	164000000	3
hs3	164000000	165000000	9
hs3	165000000	166000000	5
hs3	166000000	167000000	4
hs3	167000000	168000000	9
hs3	168000000	169000000	5
hs3	169000000	170000000	17
hs3	170000000	171000000	16
hs3	171000000	172000000	12
hs3	172000000	173000000	13
hs3	173000000	174000000	8
hs3	174000000	175000000	4
hs3	175000000	176000000	8
hs3	176000000	177000000	5
hs3	177000000	178000000	9
hs3	178000000	179000000	7
hs3	179000000	180000000	20
hs3	180000000	181000000	13
hs3	181000000	182000000	4
hs3	182000000	183000000	11
hs3	183000000	184000000	23
hs3	184000000	185000000	38
hs3	185000000	186000000	20
hs3	186000000	187000000	29
hs3	187000000	188000000	25
hs3	188000000	189000000	9
hs3	189000000	190000000	7
hs3	190000000	191000000	9
hs3	191000000	192000000	11
hs3	192000000	193000000	11
hs3	193000000	194000000	18
hs3	194000000	195000000	26
hs3	195000000	196000000	27
hs3	196000000	197000000	33
hs3	197000000	198000000	25
hs3	198000000	198295559	5
hs4	0	1000000	39
hs4	1000000	2000000	34
hs4	2000000	3000000	25
hs4	3000000	4000000	21
hs4	4000000	5000000	22
hs4	5000000	6000000	10
hs4	6000000	7000000	21
hs4	7000000	8000000	21
hs4	8000000	9000000	14
hs4	9000000	10000000	35
hs4	10000000	11000000	16
hs4	11000000	12000000	8
hs4	12000000	13000000	5
hs4	13000000	14000000	12
hs4	14000000	15000000	6
hs4	15000000	16000000	17
hs4	16000000	17000000	13
hs4	17000000	18000000	15
hs4	18000000	19000000	5
hs4	19000000	20000000	3
hs4	20000000	21000000	8
hs4	21000000	22000000	5
hs4	22000000	23000000	8
hs4	23000000	24000000	6
hs4	24000000	25000000	13
hs4	25000000	26000000	22
hs4	26000000	27000000	12
hs4	27000000	28000000	8
hs4	28000000	29000000	11
hs4	29000000	30000000	5
hs4	30000000	31000000	2
hs4	31000000	32000000	7
hs4	32000000	33000000	7
hs4	33000000	34000000	4
hs4	34000000	35000000	8
hs4	35000000	36000000	4
hs4	36000000	37000000	6
hs4	37000000	38000000	13
hs4	38000000	39000000	20
hs4	39000000	40000000	16
hs4	40000000	41000000	11
hs4	41000000	42000000	14
hs4	42000000	43000000	10
hs4	43000000	44000000	8
hs4	44000000	45000000	12
hs4	45000000	46000000	0
hs4	46000000	47000000	5
hs4	47000000	48000000	12
hs4	48000000	49000000	16
hs4	49000000	50000000	5
hs4	50000000	51000000	0
hs4	51000000	52000000	2
hs4	52000000	53000000	19
hs4	53000000	54000000	10
hs4	54000000	55000000	10
hs4	55000000	56000000	17
hs4	56000000	57000000	22
hs4	57000000	58000000	8
hs4	58000000	59000000	7
hs4	59000000	60000000	1
hs4	60000000	61000000	2
hs4	61000000	62000000	3
hs4	62000000	63000000	5
hs4	63000000	64000000	2
hs4	64000000	65000000	5
hs4	65000000	66000000	9
hs4	66000000	67000000	3
hs4	67000000	68000000	13
hs4	68000000	69000000	16
hs4	69000000	70000000	15
hs4	70000000	71000000	29
hs4	71000000	72000000	8
hs4	72000000	73000000	4
hs4	73000000	74000000	23
hs4	74000000	75000000	19
hs4	75000000	76000000	19
hs4	76000000	77000000	24
hs4	77000000	78000000	14
hs4	78000000	79000000	14
hs4	79000000	80000000	12
hs4	80000000	81000000	9
hs4	81000000	82000000	6
hs4	82000000	83000000	19
hs4	83000000	84000000	13
hs4	84000000	85000000	8
hs4	85000000	86000000	5
hs4	86000000	87000000	9
hs4	87000000	88000000	20
hs4	88000000	89000000	19
hs4	89000000	90000000	12
hs4	90000000	91000000	2
hs4	91000000	92000000	2
hs4	92000000	93000000	3
hs4	93000000	94000000	2
hs4	94000000	95000000	7
hs4	95000000	96000000	6
hs4	96000000	97000000	1
hs4	97000000	98000000	3
hs4	98000000	99000000	12
hs4	99000000	100000000	23
hs4	100000000	101000000	10
hs4	101000000	102000000	7
hs4	102000000	103000000	14
hs4	103000000	104000000	8
hs4	104000000	105000000	8
hs4	105000000	106000000	15
hs4	106000000	107000000	8
hs4	107000000	108000000	11
hs4	108000000	109000000	13
hs4	109000000	110000000	18
hs4	110000000	111000000	12
hs4	111000000	112000000	5
hs4	112000000	113000000	21
hs4	113000000	114000000	11
hs4	114000000	115000000	10
hs4	115000000	116000000	2
hs4	116000000	117000000	6
hs4	117000000	118000000	8
hs4	118000000	119000000	19
hs4	119000000	120000000	20
hs4	120000000	121000000	7
hs4	121000000	122000000	17
hs4	122000000	123000000	12
hs4	123000000	124000000	10
hs4	124000000	125000000	6
hs4	125000000	126000000	2
hs4	126000000	127000000	5
hs4	127000000	128000000	11
hs4	128000000	129000000	9
hs4	129000000	130000000	7
hs4	130000000	131000000	2
hs4	131000000	132000000	8
hs4	132000000	133000000	4
hs4	133000000	134000000	5
hs4	134000000	135000000	6
hs4	135000000	136000000	3
hs4	136000000	137000000	2
hs4	137000000	138000000	10
hs4	138000000	139000000	7
hs4	139000000	140000000	20
hs4	140000000	141000000	16
hs4	141000000	142000000	6
hs4	142000000	143000000	5
hs4	143000000	144000000	15
hs4	144000000	145000000	10
hs4	145000000	146000000	14
hs4	146000000	147000000	13
hs4	147000000	148000000	13
hs4	148000000	149000000	9
hs4	149000000	150000000	6
hs4	150000000	151000000	4
hs4	151000000	152000000	19
hs4	152000000	153000000	16
hs4	153000000	154000000	12
hs4	154000000	155000000	10
hs4	155000000	156000000	16
hs4	156000000	157000000	4
hs4	157000000	158000000	5
hs4	158000000	159000000	16
hs4	159000000	160000000	9
hs4	160000000	161000000	4
hs4	161000000	162000000	3
hs4	162000000	163000000	5
hs4	163000000	164000000	11
hs4	164000000	165000000	5
hs4	165000000	166000000	16
hs4	166000000	167000000	2
hs4	167000000	168000000	1
hs4	168000000	169000000	17
hs4	169000000	170000000	13
hs4	170000000	171000000	8
hs4	171000000	172000000	9
hs4	172000000	173000000	4
hs4	173000000	174000000	21
hs4	174000000	175000000	16
hs4	175000000	176000000	5
hs4	176000000	177000000	11
hs4	177000000	178000000	11
hs4	178000000	179000000	4
hs4	179000000	180000000	0
hs4	180000000	181000000	8
hs4	181000000	182000000	6
hs4	182000000	183000000	10
hs4	183000000	184000000	24
hs4	184000000	185000000	28
hs4	185000000	186000000	21
hs4	186000000	187000000	21
hs4	187000000	188000000	15
hs4	188000000	189000000	11
hs4	189000000	190000000	13
hs4	190000000	190214555	4
hs5	0	1000000	33
hs5	1000000	2000000	35
hs5	2000000	3000000	10
hs5	3000000	4000000	9
hs5	4000000	5000000	7
hs5	5000000	6000000	8
hs5	6000000	7000000	17
hs5	7000000	8000000	15
hs5	8000000	9000000	8
hs5	9000000	10000000	13
hs5	10000000	11000000	20
hs5	11000000	12000000	1
hs5	12000000	13000000	6
hs5	13000000	14000000	5
hs5	14000000	15000000	14
hs5	15000000	16000000	9
hs5	16000000	17000000	9
hs5	17000000	18000000	25
hs5	18000000	19000000	4
hs5	19000000	20000000	2
hs5	20000000	21000000	6
hs5	21000000	22000000	11
hs5	22000000	23000000	5
hs5	23000000	24000000	10
hs5	24000000	25000000	6
hs5	25000000	26000000	6
hs5	26000000	27000000	3
hs5	27000000	28000000	5
hs5	28000000	29000000	5
hs5	29000000	30000000	10
hs5	30000000	31000000	5
hs5	31000000	32000000	9
hs5	32000000	33000000	13
hs5	33000000	34000000	12
hs5	34000000	35000000	19
hs5	35000000	36000000	9
hs5	36000000	37000000	14
hs5	37000000	38000000	9
hs5	38000000	39000000	21
hs5	39000000	40000000	5
hs5	40000000	41000000	16
hs5	41000000	42000000	12
hs5	42000000	43000000	10
hs5	43000000	44000000	20
hs5	44000000	45000000	5
hs5	45000000	46000000	2
hs5	46000000	47000000	0
hs5	47000000	48000000	0
hs5	48000000	49000000	0
hs5	49000000	50000000	0
hs5	50000000	51000000	4
hs5	51000000	52000000	6
hs5	52000000	53000000	8
hs5	53000000	54000000	13
hs5	54000000	55000000	8
hs5	55000000	56000000	28
hs5	56000000	57000000	14
hs5	57000000	58000000	9
hs5	58000000	59000000	11
hs5	59000000	60000000	5
hs5	60000000	61000000	8
hs5	61000000	62000000	14
hs5	62000000	63000000	6
hs5	63000000	64000000	3
hs5	64000000	65000000	7
hs5	65000000	66000000	14
hs5	66000000	67000000	13
hs5	67000000	68000000	10
hs5	68000000	69000000	12
hs5	69000000	70000000	23
hs5	70000000	71000000	21
hs5	71000000	72000000	25
hs5	72000000	73000000	13
hs5	73000000	74000000	20
hs5	74000000	75000000	17
hs5	75000000	76000000	12
hs5	76000000	77000000	12
hs5	77000000	78000000	11
hs5	78000000	79000000	8
hs5	79000000	80000000	21
hs5	80000000	81000000	20
hs5	81000000	82000000	11
hs5	82000000	83000000	10
hs5	83000000	84000000	11
hs5	84000000	85000000	4
hs5	85000000	86000000	4
hs5	86000000	87000000	6
hs5	87000000	88000000	15
hs5	88000000	89000000	11
hs5	89000000	90000000	7
hs5	90000000	91000000	9
hs5	91000000	92000000	8
hs5	92000000	93000000	4
hs5	93000000	94000000	11
hs5	94000000	95000000	5
hs5	95000000	96000000	21
hs5	96000000	97000000	17
hs5	97000000	98000000	6
hs5	98000000	99000000	7
hs5	99000000	100000000	3
hs5	100000000	101000000	8
hs5	101000000	102000000	2
hs5	102000000	103000000	8
hs5	103000000	104000000	10
hs5	104000000	105000000	2
hs5	105000000	106000000	2
hs5	106000000	107000000	1
hs5	107000000	108000000	5
hs5	108000000	109000000	5
hs5	109000000	110000000	9
hs5	110000000	111000000	4
hs5	111000000	112000000	11
hs5	112000000	113000000	16
hs5	113000000	114000000	10
hs5	114000000	115000000	3
hs5	115000000	116000000	19
hs5	116000000	117000000	14
hs5	117000000	118000000	7
hs5	118000000	119000000	10
hs5	119000000	120000000	12
hs5	120000000	121000000	4
hs5	121000000	122000000	6
hs5	122000000	123000000	15
hs5	123000000	124000000	8
hs5	124000000	125000000	10
hs5	125000000	126000000	3
hs5	126000000	127000000	13
hs5	127000000	128000000	15
hs5	128000000	129000000	6
hs5	129000000	130000000	13
hs5	130000000	131000000	3
hs5	131000000	132000000	10
hs5	132000000	133000000	36
hs5	133000000	134000000	18
hs5	134000000	135000000	25
hs5	135000000	136000000	20
hs5	136000000	137000000	13
hs5	137000000	138000000	11
hs5	138000000	139000000	28
hs5	139000000	140000000	27
hs5	140000000	141000000	56
hs5	141000000	142000000	79
hs5	142000000	143000000	14
hs5	143000000	144000000	13
hs5	144000000	145000000	3
hs5	145000000	146000000	5
hs5	146000000	147000000	16
hs5	147000000	148000000	11
hs5	148000000	149000000	14
hs5	149000000	150000000	27
hs5	150000000	151000000	36
hs5	151000000	152000000	24
hs5	152000000	153000000	6
hs5	153000000	154000000	5
hs5	154000000	155000000	19
hs5	155000000	156000000	3
hs5	156000000	157000000	5
hs5	157000000	158000000	19
hs5	158000000	159000000	6
hs5	159000000	160000000	20
hs5	160000000	161000000	16
hs5	161000000	162000000	7
hs5	162000000	163000000	4
hs5	163000000	164000000	9
hs5	164000000	165000000	3
hs5	165000000	166000000	3
hs5	166000000	167000000	4
hs5	167000000	168000000	5
hs5	168000000	169000000	18
hs5	169000000	170000000	10
hs5	170000000	171000000	18
hs5	171000000	172000000	19
hs5	172000000	173000000	24
hs5	173000000	174000000	24
hs5	174000000	175000000	11
hs5	175000000	176000000	11
hs5	176000000	177000000	29
hs5	177000000	178000000	32
hs5	178000000	179000000	23
hs5	179000000	180000000	31
hs5	180000000	181000000	23
hs5	181000000	181538259	38
hs6	0	1000000	13
hs6	1000000	2000000	17
hs6	2000000	3000000	18
hs6	3000000	4000000	22
hs6	4000000	5000000	23
hs6	5000000	6000000	16
hs6	6000000	7000000	14
hs6	7000000	8000000	13
hs6	8000000	9000000	12
hs6	9000000	10000000	5
hs6	10000000	11000000	27
hs6	11000000	12000000	20
hs6	12000000	13000000	12
hs6	13000000	14000000	20
hs6	14000000	15000000	12
hs6	15000000	16000000	12
hs6	16000000	17000000	10
hs6	17000000	18000000	14
hs6	18000000	19000000	14
hs6	19000000	20000000	8
hs6	20000000	21000000	10
hs6	21000000	22000000	10
hs6	22000000	23000000	9
hs6	23000000	24000000	5
hs6	24000000	25000000	20
hs6	25000000	26000000	22
hs6	26000000	27000000	107
hs6	27000000	28000000	95
hs6	28000000	29000000	80
hs6	29000000	30000000	46
hs6	30000000	31000000	50
hs6	31000000	32000000	88
hs6	32000000	33000000	48
hs6	33000000	34000000	58
hs6	34000000	35000000	21
hs6	35000000	36000000	31
hs6	36000000	37000000	28
hs6	37000000	38000000	18
hs6	38000000	39000000	13
hs6	39000000	40000000	16
hs6	40000000	41000000	11
hs6	41000000	42000000	37
hs6	42000000	43000000	34
hs6	43000000	44000000	44
hs6	44000000	45000000	27
hs6	45000000	46000000	8
hs6	46000000	47000000	20
hs6	47000000	48000000	11
hs6	48000000	49000000	2
hs6	49000000	50000000	15
hs6	50000000	51000000	8
hs6	51000000	52000000	6
hs6	52000000	53000000	27
hs6	53000000	54000000	20
hs6	54000000	55000000	10
hs6	55000000	56000000	6
hs6	56000000	57000000	5
hs6	57000000	58000000	23
hs6	58000000	59000000	1
hs6	59000000	60000000	0
hs6	60000000	61000000	0
hs6	61000000	62000000	1
hs6	62000000	63000000	1
hs6	63000000	64000000	10
hs6	64000000	65000000	3
hs6	65000000	66000000	6
hs6	66000000	67000000	4
hs6	67000000	68000000	6
hs6	68000000	69000000	8
hs6	69000000	70000000	4
hs6	70000000	71000000	12
hs6	71000000	72000000	10
hs6	72000000	73000000	8
hs6	73000000	74000000	23
hs6	74000000	75000000	2
hs6	75000000	76000000	16
hs6	76000000	77000000	5
hs6	77000000	78000000	7
hs6	78000000	79000000	5
hs6	79000000	80000000	18
hs6	80000000	81000000	4
hs6	81000000	82000000	6
hs6	82000000	83000000	10
hs6	83000000	84000000	11
hs6	84000000	85000000	13
hs6	85000000	86000000	9
hs6	86000000	87000000	1
hs6	87000000	88000000	20
hs6	88000000	89000000	8
hs6	89000000	90000000	20
hs6	90000000	91000000	10
hs6	91000000	92000000	4
hs6	92000000	93000000	6
hs6	93000000	94000000	4
hs6	94000000	95000000	1
hs6	95000000	96000000	4
hs6	96000000	97000000	10
hs6	97000000	98000000	5
hs6	98000000	99000000	6
hs6	99000000	100000000	12
hs6	100000000	101000000	7
hs6	101000000	102000000	3
hs6	102000000	103000000	3
hs6	103000000	104000000	2
hs6	104000000	105000000	6
hs6	105000000	106000000	9
hs6	106000000	107000000	15
hs6	107000000	108000000	8
hs6	108000000	109000000	20
hs6	109000000	110000000	15
hs6	110000000	111000000	20
hs6	111000000	112000000	22
hs6	112000000	113000000	14
hs6	113000000	114000000	21
hs6	114000000	115000000	6
hs6	115000000	116000000	6
hs6	116000000	117000000	23
hs6	117000000	118000000	9
hs6	118000000	119000000	15
hs6	119000000	120000000	9
hs6	120000000	121000000	2
hs6	121000000	122000000	5
hs6	122000000	123000000	9
hs6	123000000	124000000	8
hs6	124000000	125000000	3
hs6	125000000	126000000	17
hs6	126000000	127000000	7
hs6	127000000	128000000	18
hs6	128000000	129000000	6
hs6	129000000	130000000	6
hs6	130000000	131000000	8
hs6	131000000	132000000	14
hs6	132000000	133000000	22
hs6	133000000	134000000	11
hs6	134000000	135000000	13
hs6	135000000	136000000	15
hs6	136000000	137000000	17
hs6	137000000	138000000	14
hs6	138000000	139000000	16
hs6	139000000	140000000	12
hs6	140000000	141000000	11
hs6	141000000	142000000	4
hs6	142000000	143000000	11
hs6	143000000	144000000	14
hs6	144000000	145000000	9
hs6	145000000	146000000	8
hs6	146000000	147000000	8
hs6	147000000	148000000	9
hs6	148000000	149000000	7
hs6	149000000	150000000	27
hs6	150000000	151000000	14
hs6	151000000	152000000	18
hs6	152000000	153000000	13
hs6	153000000	154000000	5
hs6	154000000	155000000	8
hs6	155000000	156000000	11
hs6	156000000	157000000	10
hs6	157000000	158000000	15
hs6	158000000	159000000	19
hs6	159000000	160000000	24
hs6	160000000	161000000	21
hs6	161000000	162000000	9
hs6	162000000	163000000	4
hs6	163000000	164000000	17
hs6	164000000	165000000	6
hs6	165000000	166000000	9
hs6	166000000	167000000	27
hs6	167000000	168000000	35
hs6	168000000	169000000	22
hs6	169000000	170000000	25
hs6	170000000	170805979	21
hs7	0	1000000	37
hs7	1000000	2000000	31
hs7	2000000	3000000	23
hs7	3000000	4000000	9
hs7	4000000	5000000	15
hs7	5000000	6000000	24
hs7	6000000	7000000	28
hs7	7000000	8000000	17
hs7	8000000	9000000	7
hs7	9000000	10000000	5
hs7	10000000	11000000	11
hs7	11000000	12000000	5
hs7	12000000	13000000	13
hs7	13000000	14000000	4
hs7	14000000	15000000	3
hs7	15000000	16000000	8
hs7	16000000	17000000	15
hs7	17000000	18000000	11
hs7	18000000	19000000	6
hs7	19000000	20000000	13
hs7	20000000	21000000	13
hs7	21000000	22000000	8
hs7	22000000	23000000	13
hs7	23000000	24000000	19
hs7	24000000	25000000	9
hs7	25000000	26000000	17
hs7	26000000	27000000	16
hs7	27000000	28000000	31
hs7	28000000	29000000	7
hs7	29000000	30000000	16
hs7	30000000	31000000	29
hs7	31000000	32000000	11
hs7	32000000	33000000	13
hs7	33000000	34000000	10
hs7	34000000	35000000	6
hs7	35000000	36000000	16
hs7	36000000	37000000	13
hs7	37000000	38000000	8
hs7	38000000	39000000	9
hs7	39000000	40000000	15
hs7	40000000	41000000	10
hs7	41000000	42000000	12
hs7	42000000	43000000	11
hs7	43000000	44000000	18
hs7	44000000	45000000	38
hs7	45000000	46000000	23
hs7	46000000	47000000	6
hs7	47000000	48000000	14
hs7	48000000	49000000	8
hs7	49000000	50000000	3
hs7	50000000	51000000	11
hs7	51000000	52000000	9
hs7	52000000	53000000	7
hs7	53000000	54000000	5
hs7	54000000	55000000	9
hs7	55000000	56000000	16
hs7	56000000	57000000	34
hs7	57000000	58000000	13
hs7	58000000	59000000	0
hs7	59000000	60000000	0
hs7	60000000	61000000	1
hs7	61000000	62000000	0
hs7	62000000	63000000	0
hs7	63000000	64000000	36
hs7	64000000	65000000	29
hs7	65000000	66000000	26
hs7	66000000	67000000	21
hs7	67000000	68000000	12
hs7	68000000	69000000	3
hs7	69000000	70000000	8
hs7	70000000	71000000	5
hs7	71000000	72000000	4
hs7	72000000	73000000	13
hs7	73000000	74000000	28
hs7	74000000	75000000	22
hs7	75000000	76000000	29
hs7	76000000	77000000	22
hs7	77000000	78000000	22
hs7	78000000	79000000	4
hs7	79000000	80000000	9
hs7	80000000	81000000	11
hs7	81000000	82000000	4
hs7	82000000	83000000	7
hs7	83000000	84000000	6
hs7	84000000	85000000	3
hs7	85000000	86000000	2
hs7	86000000	87000000	3
hs7	87000000	88000000	16
hs7	88000000	89000000	12
hs7	89000000	90000000	4
hs7	90000000	91000000	17
hs7	91000000	92000000	12
hs7	92000000	93000000	19
hs7	93000000	94000000	17
hs7	94000000	95000000	12
hs7	95000000	96000000	15
hs7	96000000	97000000	14
hs7	97000000	98000000	15
hs7	98000000	99000000	16
hs7	99000000	100000000	39
hs7	100000000	101000000	69
hs7	101000000	102000000	22
hs7	102000000	103000000	37
hs7	103000000	104000000	13
hs7	104000000	105000000	6
hs7	105000000	106000000	13
hs7	106000000	107000000	11
hs7	107000000	108000000	21
hs7	108000000	109000000	14
hs7	109000000	110000000	1
hs7	110000000	111000000	6
hs7	111000000	112000000	9
hs7	112000000	113000000	14
hs7	113000000	114000000	6
hs7	114000000	115000000	3
hs7	115000000	116000000	9
hs7	116000000	117000000	19
hs7	117000000	118000000	15
hs7	118000000	119000000	9
hs7	119000000	120000000	3
hs7	120000000	121000000	7
hs7	121000000	122000000	8
hs7	122000000	123000000	13
hs7	123000000	124000000	13
hs7	124000000	125000000	12
hs7	125000000	126000000	6
hs7	126000000	127000000	4
hs7	127000000	128000000	15
hs7	128000000	129000000	33
hs7	129000000	130000000	21
hs7	130000000	131000000	31
hs7	131000000	132000000	7
hs7	132000000	133000000	8
hs7	133000000	134000000	8
hs7	134000000	135000000	16
hs7	135000000	136000000	17
hs7	136000000	137000000	6
hs7	137000000	138000000	12
hs7	138000000	139000000	18
hs7	139000000	140000000	19
hs7	140000000	141000000	21
hs7	141000000	142000000	20
hs7	142000000	143000000	19
hs7	143000000	144000000	36
hs7	144000000	145000000	22
hs7	145000000	146000000	2
hs7	146000000	147000000	1
hs7	147000000	148000000	5
hs7	148000000	149000000	16
hs7	149000000	150000000	44
hs7	150000000	151000000	33
hs7	151000000	152000000	35
hs7	152000000	153000000	11
hs7	153000000	154000000	9
hs7	154000000	155000000	8
hs7	155000000	156000000	29
hs7	156000000	157000000	19
hs7	157000000	158000000	15
hs7	158000000	159000000	11
hs7	159000000	159345973	2
hs8	0	1000000	19
hs8	1000000	2000000	20
hs8	2000000	3000000	12
hs8	3000000	4000000	4
hs8	4000000	5000000	2
hs8	5000000	6000000	7
hs8	6000000	7000000	27
hs8	7000000	8000000	62
hs8	8000000	9000000	24
hs8	9000000	10000000	25
hs8	10000000	11000000	20
hs8	11000000	12000000	27
hs8	12000000	13000000	29
hs8	13000000	14000000	9
hs8	14000000	15000000	3
hs8	15000000	16000000	4
hs8	16000000	17000000	4
hs8	17000000	18000000	20
hs8	18000000	19000000	13
hs8	19000000	20000000	17
hs8	20000000	21000000	12
hs8	21000000	22000000	7
hs8	22000000	23000000	42
hs8	23000000	24000000	24
hs8	24000000	25000000	15
hs8	25000000	26000000	18
hs8	26000000	27000000	15
hs8	27000000	28000000	24
hs8	28000000	29000000	13
hs8	29000000	30000000	22
hs8	30000000	31000000	21
hs8	31000000	32000000	6
hs8	32000000	33000000	6
hs8	33000000	34000000	9
hs8	34000000	35000000	5
hs8	35000000	36000000	4
hs8	36000000	37000000	5
hs8	37000000	38000000	24
hs8	38000000	39000000	23
hs8	39000000	40000000	10
hs8	40000000	41000000	9
hs8	41000000	42000000	17
hs8	42000000	43000000	24
hs8	43000000	44000000	8
hs8	44000000	45000000	0
hs8	45000000	46000000	0
hs8	46000000	47000000	8
hs8	47000000	48000000	16
hs8	48000000	49000000	14
hs8	49000000	50000000	4
hs8	50000000	51000000	6
hs8	51000000	52000000	6
hs8	52000000	53000000	10
hs8	53000000	54000000	8
hs8	54000000	55000000	10
hs8	55000000	56000000	12
hs8	56000000	57000000	20
hs8	57000000	58000000	10
hs8	58000000	59000000	10
hs8	59000000	60000000	6
hs8	60000000	61000000	13
hs8	61000000	62000000	7
hs8	62000000	63000000	4
hs8	63000000	64000000	14
hs8	64000000	65000000	11
hs8	65000000	66000000	11
hs8	66000000	67000000	28
hs8	67000000	68000000	11
hs8	68000000	69000000	8
hs8	69000000	70000000	8
hs8	70000000	71000000	9
hs8	71000000	72000000	13
hs8	72000000	73000000	8
hs8	73000000	74000000	16
hs8	74000000	75000000	11
hs8	75000000	76000000	6
hs8	76000000	77000000	9
hs8	77000000	78000000	3
hs8	78000000	79000000	10
hs8	79000000	80000000	14
hs8	80000000	81000000	16
hs8	81000000	82000000	19
hs8	82000000	83000000	6
hs8	83000000	84000000	3
hs8	84000000	85000000	3
hs8	85000000	86000000	23
hs8	86000000	87000000	12
hs8	87000000	88000000	5
hs8	88000000	89000000	5
hs8	89000000	90000000	7
hs8	90000000	91000000	15
hs8	91000000	92000000	9
hs8	92000000	93000000	9
hs8	93000000	94000000	17
hs8	94000000	95000000	18
hs8	95000000	96000000	14
hs8	96000000	97000000	15
hs8	97000000	98000000	11
hs8	98000000	99000000	18
hs8	99000000	100000000	8
hs8	100000000	101000000	19
hs8	101000000	102000000	21
hs8	102000000	103000000	22
hs8	103000000	104000000	16
hs8	104000000	105000000	14
hs8	105000000	106000000	6
hs8	106000000	107000000	7
hs8	107000000	108000000	5
hs8	108000000	109000000	10
hs8	109000000	110000000	9
hs8	110000000	111000000	1
hs8	111000000	112000000	7
hs8	112000000	113000000	3
hs8	113000000	114000000	3
hs8	114000000	115000000	2
hs8	115000000	116000000	6
hs8	116000000	117000000	16
hs8	117000000	118000000	9
hs8	118000000	119000000	9
hs8	119000000	120000000	15
hs8	120000000	121000000	7
hs8	121000000	122000000	5
hs8	122000000	123000000	9
hs8	123000000	124000000	26
hs8	124000000	125000000	25
hs8	125000000	126000000	11
hs8	126000000	127000000	6
hs8	127000000	128000000	17
hs8	128000000	129000000	8
hs8	129000000	130000000	10
hs8	130000000	131000000	14
hs8	131000000	132000000	8
hs8	132000000	133000000	12
hs8	133000000	134000000	17
hs8	134000000	135000000	9
hs8	135000000	136000000	5
hs8	136000000	137000000	6
hs8	137000000	138000000	4
hs8	138000000	139000000	3
hs8	139000000	140000000	5
hs8	140000000	141000000	12
hs8	141000000	142000000	24
hs8	142000000	143000000	30
hs8	143000000	144000000	56
hs8	144000000	145000000	70
hs8	145000000	145138636	4
hs9	0	1000000	23
hs9	1000000	2000000	5
hs9	2000000	3000000	10
hs9	3000000	4000000	10
hs9	4000000	5000000	14
hs9	5000000	6000000	16
hs9	6000000	7000000	13
hs9	7000000	8000000	8
hs9	8000000	9000000	2
hs9	9000000	10000000	2
hs9	10000000	11000000	3
hs9	11000000	12000000	4
hs9	12000000	13000000	5
hs9	13000000	14000000	7
hs9	14000000	15000000	13
hs9	15000000	16000000	7
hs9	16000000	17000000	6
hs9	17000000	18000000	7
hs9	18000000	19000000	8
hs9	19000000	20000000	13
hs9	20000000	21000000	10
hs9	21000000	22000000	30
hs9	22000000	23000000	8
hs9	23000000	24000000	5
hs9	24000000	25000000	3
hs9	25000000	26000000	5
hs9	26000000	27000000	12
hs9	27000000	28000000	14
hs9	28000000	29000000	6
hs9	29000000	30000000	2
hs9	30000000	31000000	2
hs9	31000000	32000000	7
hs9	32000000	33000000	15
hs9	33000000	34000000	33
hs9	34000000	35000000	33
hs9	35000000	36000000	42
hs9	36000000	37000000	16
hs9	37000000	38000000	23
hs9	38000000	39000000	20
hs9	39000000	40000000	11
hs9	40000000	41000000	19
hs9	41000000	42000000	22
hs9	42000000	43000000	10
hs9	43000000	44000000	3
hs9	44000000	45000000	0
hs9	45000000	46000000	0
hs9	46000000	47000000	0
hs9	47000000	48000000	0
hs9	48000000	49000000	0
hs9	49000000	50000000	0
hs9	50000000	51000000	0
hs9	51000000	52000000	0
hs9	52000000	53000000	0
hs9	53000000	54000000	0
hs9	54000000	55000000	0
hs9	55000000	56000000	0
hs9	56000000	57000000	0
hs9	57000000	58000000	0
hs9	58000000	59000000	0
hs9	59000000	60000000	0
hs9	60000000	61000000	3
hs9	61000000	62000000	16
hs9	62000000	63000000	16
hs9	63000000	64000000	14
hs9	64000000	65000000	10
hs9	65000000	66000000	17
hs9	66000000	67000000	9
hs9	67000000	68000000	12
hs9	68000000	69000000	18
hs9	69000000	70000000	17
hs9	70000000	71000000	15
hs9	71000000	72000000	5
hs9	72000000	73000000	13
hs9	73000000	74000000	9
hs9	74000000	75000000	10
hs9	75000000	76000000	7
hs9	76000000	77000000	10
hs9	77000000	78000000	9
hs9	78000000	79000000	7
hs9	79000000	80000000	11
hs9	80000000	81000000	4
hs9	81000000	82000000	13
hs9	82000000	83000000	9
hs9	83000000	84000000	19
hs9	84000000	85000000	9
hs9	85000000	86000000	11
hs9	86000000	87000000	13
hs9	87000000	88000000	27
hs9	88000000	89000000	16
hs9	89000000	90000000	18
hs9	90000000	91000000	10
hs9	91000000	92000000	14
hs9	92000000	93000000	26
hs9	93000000	94000000	22
hs9	94000000	95000000	27
hs9	95000000	96000000	20
hs9	96000000	97000000	24
hs9	97000000	98000000	29
hs9	98000000	99000000	15
hs9	99000000	100000000	19
hs9	100000000	101000000	14
hs9	101000000	102000000	16
hs9	102000000	103000000	4
hs9	103000000	104000000	6
hs9	104000000	105000000	21
hs9	105000000	106000000	11
hs9	106000000	107000000	8
hs9	107000000	108000000	17
hs9	108000000	109000000	11
hs9	109000000	110000000	10
hs9	110000000	111000000	16
hs9	111000000	112000000	18
hs9	112000000	113000000	11
hs9	113000000	114000000	21
hs9	114000000	115000000	26
hs9	115000000	116000000	15
hs9	116000000	117000000	11
hs9	117000000	118000000	10
hs9	118000000	119000000	7
hs9	119000000	120000000	5
hs9	120000000	121000000	14
hs9	121000000	122000000	15
hs9	122000000	123000000	33
hs9	123000000	124000000	14
hs9	124000000	125000000	25
hs9	125000000	126000000	18
hs9	126000000	127000000	15
hs9	127000000	128000000	43
hs9	128000000	129000000	48
hs9	129000000	130000000	34
hs9	130000000	131000000	23
hs9	131000000	132000000	19
hs9	132000000	133000000	19
hs9	133000000	134000000	38
hs9	134000000	135000000	35
hs9	135000000	136000000	30
hs9	136000000	137000000	65
hs9	137000000	138000000	61
hs9	138000000	138394717	10
hsX	0	1000000	7
hsX	1000000	2000000	18
hsX	2000000	3000000	13
hsX	3000000	4000000	15
hsX	4000000	5000000	1
hsX	5000000	6000000	3
hsX	6000000	7000000	6
hsX	7000000	8000000	8
hsX	8000000	9000000	9
hsX	9000000	10000000	8
hsX	10000000	11000000	8
hsX	11000000	12000000	10
hsX	12000000	13000000	7
hsX	13000000	14000000	18
hsX	14000000	15000000	6
hsX	15000000	16000000	19
hsX	16000000	17000000	13
hsX	17000000	18000000	12
hsX	18000000	19000000	15
hsX	19000000	20000000	9
hsX	20000000	21000000	8
hsX	21000000	22000000	8
hsX	22000000	23000000	5
hsX	23000000	24000000	12
hsX	24000000	25000000	16
hsX	25000000	26000000	3
hsX	26000000	27000000	5
hsX	27000000	28000000	7
hsX	28000000	29000000	5
hsX	29000000	30000000	3
hsX	30000000	31000000	11
hsX	31000000	32000000	3
hsX	32000000	33000000	4
hsX	33000000	34000000	2
hsX	34000000	35000000	5
hsX	35000000	36000000	2
hsX	36000000	37000000	3
hsX	37000000	38000000	10
hsX	38000000	39000000	11
hsX	39000000	40000000	11
hsX	40000000	41000000	12
hsX	41000000	42000000	8
hsX	42000000	43000000	5
hsX	43000000	44000000	6
hsX	44000000	45000000	5
hsX	45000000	46000000	10
hsX	46000000	47000000	11
hsX	47000000	48000000	31
hsX	48000000	49000000	43
hsX	49000000	50000000	35
hsX	50000000	51000000	15
hsX	51000000	52000000	13
hsX	52000000	53000000	28
hsX	53000000	54000000	17
hsX	54000000	55000000	12
hsX	55000000	56000000	20
hsX	56000000	57000000	9
hsX	57000000	58000000	8
hsX	58000000	59000000	0
hsX	59000000	60000000	0
hsX	60000000	61000000	0
hsX	61000000	62000000	0
hsX	62000000	63000000	0
hsX	63000000	64000000	9
hsX	64000000	65000000	8
hsX	65000000	66000000	5
hsX	66000000	67000000	6
hsX	67000000	68000000	2
hsX	68000000	69000000	4
hsX	69000000	70000000	9
hsX	70000000	71000000	20
hsX	71000000	72000000	30
hsX	72000000	73000000	21
hsX	73000000	74000000	12
hsX	74000000	75000000	13
hsX	75000000	76000000	8
hsX	76000000	77000000	4
hsX	77000000	78000000	10
hsX	78000000	79000000	10
hsX	79000000	80000000	3
hsX	80000000	81000000	6
hsX	81000000	82000000	5
hsX	82000000	83000000	5
hsX	83000000	84000000	4
hsX	84000000	85000000	4
hsX	85000000	86000000	8
hsX	86000000	87000000	2
hsX	87000000	88000000	3
hsX	88000000	89000000	4
hsX	89000000	90000000	2
hsX	90000000	91000000	1
hsX	91000000	92000000	6
hsX	92000000	93000000	1
hsX	93000000	94000000	2
hsX	94000000	95000000	4
hsX	95000000	96000000	2
hsX	96000000	97000000	8
hsX	97000000	98000000	4
hsX	98000000	99000000	1
hsX	99000000	100000000	0
hsX	100000000	101000000	12
hsX	101000000	102000000	19
hsX	102000000	103000000	17
hsX	103000000	104000000	26
hsX	104000000	105000000	11
hsX	105000000	106000000	6
hsX	106000000	107000000	12
hsX	107000000	108000000	13
hsX	108000000	109000000	8
hsX	109000000	110000000	5
hsX	110000000	111000000	12
hsX	111000000	112000000	7
hsX	112000000	113000000	6
hsX	113000000	114000000	6
hsX	114000000	115000000	10
hsX	115000000	116000000	12
hsX	116000000	117000000	5
hsX	117000000	118000000	1
hsX	118000000	119000000	10
hsX	119000000	120000000	26
hsX	120000000	121000000	32
hsX	121000000	122000000	3
hsX	122000000	123000000	3
hsX	123000000	124000000	6
hsX	124000000	125000000	8
hsX	125000000	126000000	4
hsX	126000000	127000000	5
hsX	127000000	128000000	5
hsX	128000000	129000000	4
hsX	129000000	130000000	15
hsX	130000000	131000000	15
hsX	131000000	132000000	9
hsX	132000000	133000000	9
hsX	133000000	134000000	7
hsX	134000000	135000000	24
hsX	135000000	136000000	32
hsX	136000000	137000000	14
hsX	137000000	138000000	3
hsX	138000000	139000000	3
hsX	139000000	140000000	9
hsX	140000000	141000000	10
hsX	141000000	142000000	10
hsX	142000000	143000000	3
hsX	143000000	144000000	5
hsX	144000000	145000000	0
hsX	145000000	146000000	8
hsX	146000000	147000000	6
hsX	147000000	148000000	22
hsX	148000000	149000000	2
hsX	149000000	150000000	19
hsX	150000000	151000000	12
hsX	151000000	152000000	15
hsX	152000000	153000000	27
hsX	153000000	154000000	47
hsX	154000000	155000000	53
hsX	155000000	156000000	21
hsX	156000000	156040895	3
hsY	0	1000000	8
hsY	1000000	2000000	18
hsY	2000000	3000000	13
hsY	3000000	4000000	4
hsY	4000000	5000000	1
hsY	5000000	6000000	1
hsY	6000000	7000000	12
hsY	7000000	8000000	7
hsY	8000000	9000000	10
hsY	9000000	10000000	28
hsY	10000000	11000000	1
hsY	11000000	12000000	2
hsY	12000000	13000000	10
hsY	13000000	14000000	10
hsY	14000000	15000000	3
hsY	15000000	16000000	1
hsY	16000000	17000000	1
hsY	17000000	18000000	7
hsY	18000000	19000000	15
hsY	19000000	20000000	8
hsY	20000000	21000000	3
hsY	21000000	22000000	12
hsY	22000000	23000000	17
hsY	23000000	24000000	9
hsY	24000000	25000000	10
hsY	25000000	26000000	8
hsY	26000000	27000000	5
hsY	27000000	28000000	0
hsY	28000000	29000000	0
hsY	29000000	30000000	0
hsY	30000000	31000000	0
hsY	31000000	32000000	0
hsY	32000000	33000000	0
hsY	33000000	34000000	0
hsY	34000000	35000000	0
hsY	35000000	36000000	0
hsY	36000000	37000000	0
hsY	37000000	38000000	0
hsY	38000000	39000000	0
hsY	39000000	40000000	0
hsY	40000000	41000000	0
hsY	41000000	42000000	0
hsY	42000000	43000000	0
hsY	43000000	44000000	0
hsY	44000000	45000000	0
hsY	45000000	46000000	0
hsY	46000000	47000000	0
hsY	47000000	48000000	0
hsY	48000000	49000000	0
hsY	49000000	50000000	0
hsY	50000000	51000000	0
hsY	51000000	52000000	0
hsY	52000000	53000000	0
hsY	53000000	54000000	0
hsY	54000000	55000000	0
hsY	55000000	56000000	0
hsY	56000000	57000000	1
hsY	57000000	57227415	5
